-9.081547954885822449e+00
-9.050223077430626262e+00
-8.514722431814700343e+00
-7.686774582981811932e+00
-6.758333775881692596e+00
-5.832560475750267592e+00
-4.966554677021949082e+00
-4.187467843104048626e+00
-3.504383718698084849e+00
-2.915159532970559297e+00
-2.410402267049123193e+00
-1.976099770976897707e+00
-1.596027458088904449e+00
-1.253094451693517186e+00
-9.289378610817545789e-01
-6.042341832896687137e-01
-2.584720271591119389e-01
1.296467304087654537e-01
5.824456356933813694e-01
1.123170732986346732e+00
1.776200066860915028e+00
2.566449764844699999e+00
3.518398650608161482e+00
4.654716105215602973e+00
5.994780101924124693e+00
7.550490840983248297e+00
9.320051701315746229e+00
1.127720735457424439e+01
1.335652933484800897e+01
1.542511812443999553e+01
1.723470123830724177e+01
1.841075719573050407e+01
1.838726253852290782e+01
-9.126980541427970550e+00
-8.966771262870571135e+00
-8.443019259244019636e+00
-7.707411225259225951e+00
-6.870593508916703840e+00
-6.013272627976240514e+00
-5.187648070233858100e+00
-4.422232496521892209e+00
-3.729669298698922386e+00
-3.111613599558801901e+00
-2.562402119386517185e+00
-2.071547422233625646e+00
-1.625896381280505176e+00
-1.209942589563896664e+00
-8.072770711442186498e-01
-3.999550400893139845e-01
3.078697018738175625e-02
5.046517221785531415e-01
1.042127791572780904e+00
1.664335051783058850e+00
2.392480987505595014e+00
3.247933050898001550e+00
4.250297378529706904e+00
5.416717027900866732e+00
6.759217541802051699e+00
8.281188297753459437e+00
9.971056227435667552e+00
1.179481759796435547e+01
1.368299689016420650e+01
1.551349932250698238e+01
1.709790843595714449e+01
1.816581733368099805e+01
1.841374732517725121e+01
-9.668425503437896751e+00
-9.245062659373092018e+00
-8.601180932118628775e+00
-7.832619617452442284e+00
-7.000086770581930296e+00
-6.158688281903077488e+00
-5.344895938343070974e+00
-4.581248601479364524e+00
-3.877764680049921697e+00
-3.236758354307718744e+00
-2.653700618488989083e+00
-2.120069059706438441e+00
-1.624084991309839854e+00
-1.151952112657987914e+00
-6.886113397127905378e-01
-2.176902598022679713e-01
2.783345387307873953e-01
8.173584852005734147e-01
1.418530218690797318e+00
2.100531827240098348e+00
2.882357099753938279e+00
3.782504012318700148e+00
4.817406537956027357e+00
6.000427715169431409e+00
7.340319438251710515e+00
8.836558772676459839e+00
1.047691102277363306e+01
1.223033637117606887e+01
1.404027631928952147e+01
1.581760335073852630e+01
1.743960291602985890e+01
1.874402084590303019e+01
1.959365827839570784e+01
-1.049289467654181962e+01
-9.721867367304199092e+00
-8.883609827418633031e+00
-8.013903469304834104e+00
-7.134702577184579120e+00
-6.273685894646254368e+00
-5.450853334707701059e+00
-4.678723787449328597e+00
-3.963069709248442152e+00
-3.303571903427829692e+00
-2.695719094803784799e+00
-2.130864924441169705e+00
-1.598364385672379706e+00
-1.085404765979621100e+00
-5.778677527596576269e-01
-6.069550677333390709e-02
4.822669952741052146e-01
1.068051040891561776e+00
1.713547351015904940e+00
2.436451118073067246e+00
3.253611697633966404e+00
4.181613118467617518e+00
5.235169714529859242e+00
6.426389899475223544e+00
7.762840028003988202e+00
9.245678266260135558e+00
1.086672299865609581e+01
1.260558050177206013e+01
1.442648483895049871e+01
1.627792119815750738e+01
1.809651492097361469e+01
1.980706865986308074e+01
2.139169046122091444e+01
-1.136925507017484449e+01
-1.025665710446791756e+01
-9.204397810227582966e+00
-8.204364329831371094e+00
-7.251131079094232490e+00
-6.349816456215811478e+00
-5.504750721360978538e+00
-4.718819807138477707e+00
-3.991160958675661785e+00
-3.318346580817506553e+00
-2.693863782840539844e+00
-2.108922456235174270e+00
-1.552712487710375733e+00
-1.013034507753434843e+00
-4.766576403946606311e-01
7.049610549627713385e-02
6.438936385116630357e-01
1.258860344966584499e+00
1.931521026172301259e+00
2.677945104501703977e+00
3.513847558195900778e+00
4.454739045094271432e+00
5.514796040950948885e+00
6.705930714193193865e+00
8.037565230386098492e+00
9.514317475100403598e+00
1.113593586553557913e+01
1.289528254765145476e+01
1.477924038763782200e+01
1.677082888461822563e+01
1.885631671545598209e+01
2.102796127697632755e+01
2.334631504580400119e+01
-1.214016850841375117e+01
-1.072997502800443748e+01
-9.477568361030300537e+00
-8.347718978083360497e+00
-7.315747940291879026e+00
-6.369161543434557871e+00
-5.499316346309800707e+00
-4.699780698392403089e+00
-3.964079419830897955e+00
-3.284272203952266711e+00
-2.652311923353567913e+00
-2.057947514002645306e+00
-1.490207830129902211e+00
-9.372807731333895331e-01
-3.864567258021581742e-01
1.758851545448915088e-01
7.637952254999006430e-01
1.392148097135608831e+00
2.075681684066761790e+00
2.829642118397605710e+00
3.668902799554487615e+00
4.608419448303227028e+00
5.662675881293515623e+00
6.844550188459129103e+00
8.166149428051776127e+00
9.637342998309046394e+00
1.126614344445223992e+01
1.305947247050980309e+01
1.502466629666657916e+01
1.717354093513428737e+01
1.953045683218531181e+01
2.213515490669162489e+01
2.509395163949811547e+01
-1.269052629193327064e+01
-1.104667647213226367e+01
-9.632112498825314617e+00
-8.394410844223118673e+00
-7.296088961035934517e+00
-6.311930804783819404e+00
-5.423668235061811949e+00
-4.616984381001109305e+00
-3.880318516770554726e+00
-3.202495526049388808e+00
-2.572764025882705585e+00
-1.979981935231614809e+00
-1.412811393399118209e+00
-8.594535896272769149e-01
-3.075811037951280968e-01
2.556553719417319348e-01
8.435483592023349519e-01
1.470219604180485140e+00
2.149556334488159859e+00
2.895716048509354934e+00
3.723515940881957587e+00
4.647370393535371846e+00
5.682473731010010631e+00
6.843424029318425639e+00
8.144958858983914141e+00
9.602406320138468843e+00
1.123193942602227757e+01
1.305235943712084712e+01
1.508803008881825924e+01
1.737298137447652735e+01
1.995837541076660315e+01
2.291616147374351442e+01
2.637874485333260921e+01
-1.293919121349155077e+01
-1.113733450032711225e+01
-9.612848828554376723e+00
-8.303419946578191713e+00
-7.163443146086752478e+00
-6.159666502694741474e+00
-5.266494749260328234e+00
-4.464352804717639067e+00
-3.737816551275708221e+00
-3.072524296617986650e+00
-2.455968412238009435e+00
-1.876321869249349517e+00
-1.321542419934461199e+00
-7.800550553025646927e-01
-2.400793990083398277e-01
3.106580614401550089e-01
8.849162061927503542e-01
1.495815982054088611e+00
2.156271264044739233e+00
2.880277134437222664e+00
3.681716195297649818e+00
4.575206815380041370e+00
5.576552897478055826e+00
6.701679867352821063e+00
7.968267834302004360e+00
9.395951058018624735e+00
1.100754733559175591e+01
1.283158293723581522e+01
1.490484685480621074e+01
1.727680983549249305e+01
2.001662577518960262e+01
2.321602760620594097e+01
2.702080025888200865e+01
-1.283338212548222579e+01
-1.095482948064200279e+01
-9.381115593246518003e+00
-8.044817635842015591e+00
-6.896359331277642113e+00
-5.897381316425097886e+00
-5.018639552007133631e+00
-4.237111244520163744e+00
-3.533931945567068134e+00
-2.893747023099078053e+00
-2.302428154095197854e+00
-1.747449493875129045e+00
-1.216930140060409338e+00
-6.992938201931854225e-01
-1.835274076042598124e-01
3.423521595815865459e-01
8.900120017091270874e-01
1.471580103949023055e+00
2.099804900436132105e+00
2.787260928428746176e+00
3.547648382280573109e+00
4.395598622866083716e+00
5.347012770749019595e+00
6.418945409184177109e+00
7.631125068104544162e+00
9.006400851546647601e+00
1.057224369717267010e+01
1.236373177267963541e+01
1.442595750514446173e+01
1.681775701962017422e+01
1.961831734617088685e+01
2.293028403158861650e+01
2.690278867793546169e+01
-1.234484815684912462e+01
-1.047273543071587198e+01
-8.914257901790925587e+00
-7.600356362446311742e+00
-6.480906958478932722e+00
-5.515936365860080848e+00
-4.674566027166904725e+00
-3.931639257969837598e+00
-3.267669909730982258e+00
-2.666125029695559867e+00
-2.112524080728656717e+00
-1.594061633928175459e+00
-1.099299086166464656e+00
-6.171164369685195883e-01
-1.369424481221291623e-01
3.522870712337179411e-01
8.611927674979762415e-01
1.401231013910133161e+00
1.983980320921104878e+00
2.621182002281790435e+00
3.326238967751789843e+00
4.112976573285153314e+00
4.997174726088743135e+00
5.996651852742548527e+00
7.131821490771616645e+00
8.427192508421770256e+00
9.913035953614796725e+00
1.162788475503982610e+01
1.362058922381223702e+01
1.595446499173818466e+01
1.871225099826293459e+01
2.199986622810184400e+01
2.596263341757379095e+01
-1.146730933284820964e+01
-9.683419111221347464e+00
-8.204424037151333948e+00
-6.963241460163233754e+00
-5.912274687635223458e+00
-5.012199881670942325e+00
-4.232250402603299655e+00
-3.547892247885705785e+00
-2.939590167391745279e+00
-2.390729120456986045e+00
-1.887339340381360753e+00
-1.417099512436676978e+00
-9.692690599885926961e-01
-5.331340980690918441e-01
-9.926131377419457336e-02
3.423098293466957931e-01
8.015388517048653849e-01
1.288462736886807347e+00
1.813495906951305470e+00
2.387688576279706432e+00
3.023194392171857370e+00
3.733219421335003840e+00
4.532819430658439508e+00
5.439372262985901152e+00
6.472978955668331480e+00
7.658705061660172397e+00
9.026900724653197372e+00
1.061661570657052245e+01
1.247723605838154803e+01
1.467142735239198359e+01
1.728026518360880104e+01
2.040683616225414454e+01
2.418609720411529906e+01
-1.021483363101529207e+01
-8.595903328910804220e+00
-7.257680154879468049e+00
-6.138060283478337986e+00
-5.193909170548636212e+00
-4.389012275600075341e+00
-3.694991326814608623e+00
-3.088998582297026285e+00
-2.552387238549430837e+00
-2.070024530953531894e+00
-1.629123828651780403e+00
-1.218139318245283542e+00
-8.272680765159114991e-01
-4.472396441042521542e-01
-6.948015237800558852e-02
3.149053814096253179e-01
7.143955173316378637e-01
1.137558408802805454e+00
1.593944085424600310e+00
2.093084561304889402e+00
2.645898822802037476e+00
3.264381518375448543e+00
3.962148744895502617e+00
4.755464847198308753e+00
5.663178312523600155e+00
6.708709408857052026e+00
7.921044811159729804e+00
9.337150528457780041e+00
1.100300731468990278e+01
1.297733509679187236e+01
1.533473058662303679e+01
1.817012427779366845e+01
2.160241518564646768e+01
-8.619711663542945601e+00
-7.234978048277322493e+00
-6.092936805813148560e+00
-5.139185763513562932e+00
-4.337307827298003460e+00
-3.655838108054419777e+00
-3.070482128391133436e+00
-2.560911520751994797e+00
-2.111423984721982006e+00
-1.708451396830021896e+00
-1.341032603642023702e+00
-9.991170072257022916e-01
-6.746410215384024411e-01
-3.593544164940865593e-01
-4.603062744338266149e-02
2.724448929254489338e-01
6.033173975788037602e-01
9.537787478544567099e-01
1.331601632037667349e+00
1.745014269871257184e+00
2.203232180246782246e+00
2.716592021088516162e+00
3.296654206462521941e+00
3.957754967382359101e+00
4.716250906253772968e+00
5.592984343371025346e+00
6.613411450092471000e+00
7.809868846226040162e+00
9.222861757393875592e+00
1.090323302881404643e+01
1.291543947184381658e+01
1.534180566381166066e+01
1.828044766524387299e+01
-6.730595814032272806e+00
-5.638491058903348119e+00
-4.739989633659707380e+00
-3.990277344641667945e+00
-3.360970450133670795e+00
-2.827532035307684044e+00
-2.370422265959308827e+00
-1.973587838872250755e+00
-1.624237814794486479e+00
-1.311758697849759070e+00
-1.027306728607373376e+00
-7.632507234968416432e-01
-5.126178406868253656e-01
-2.694840644083357217e-01
-2.785900204705713326e-02
2.176387546388954819e-01
4.726536278333585694e-01
7.426181775323310585e-01
1.033635828967430115e+00
1.352314729680263561e+00
1.705822244113322395e+00
2.102212483012011912e+00
2.550784538923969613e+00
3.063021377133165135e+00
3.651963008768340568e+00
4.334500018807568189e+00
5.131245574564550438e+00
6.068053516441435313e+00
7.177232239091536847e+00
8.499688649253622330e+00
1.008625563860550223e+01
1.200317685569526382e+01
1.432360780127782185e+01
-4.609315849898812267e+00
-3.855921623720566238e+00
-3.237823751824907781e+00
-2.722029647272166120e+00
-2.289733501776845870e+00
-1.923640371058777943e+00
-1.610559920342208962e+00
-1.339074519740674374e+00
-1.100539973775846114e+00
-8.873184869257995100e-01
-6.935296777174833061e-01
-5.137731226578557964e-01
-3.433363956381038640e-01
-1.779242804718781101e-01
-1.360644633855568816e-02
1.533745865446346224e-01
3.267771277375500216e-01
5.102908401424970375e-01
7.080847800356175892e-01
9.249875634085447107e-01
1.165600947012593203e+00
1.435808510268506755e+00
1.741838440513500785e+00
2.091695479786621625e+00
2.494766253947818146e+00
2.962805594323254077e+00
3.510154706534920344e+00
4.155116285541796906e+00
4.920117654375136595e+00
5.833705259808191101e+00
6.931088177511113280e+00
8.259297035088325245e+00
9.864161135248515677e+00
-2.328221710207006634e+00
-1.944908448793582600e+00
-1.632711600559508591e+00
-1.371413295522304177e+00
-1.152701321295893422e+00
-9.675115723972036452e-01
-8.092310893298559904e-01
-6.720891836311541079e-01
-5.514616491882524674e-01
-4.438143081494863029e-01
-3.458328605977745163e-01
-2.551044085815832863e-01
-1.688952423588795382e-01
-8.527711434068559193e-02
-2.032970721431711942e-03
8.262081370081546250e-02
1.704650077006433506e-01
2.634925194754911271e-01
3.637572012739698213e-01
4.738093436615627430e-01
5.960781953561842261e-01
7.334942384465433785e-01
8.892137826987790428e-01
1.067548796589169902e+00
1.273109162923206750e+00
1.512223922228007833e+00
1.792489019603178635e+00
2.123033422275391491e+00
2.515568486085990152e+00
2.985035226006865106e+00
3.549162612086301127e+00
4.233948669307950219e+00
5.056311099237429829e+00
3.367569149316158861e-02
3.094213618182265618e-02
2.473812638681438872e-02
2.088230893857358217e-02
1.766300716027594669e-02
1.508957422038656807e-02
1.312721337501515997e-02
1.143469216789285564e-02
1.025364438628226585e-02
9.385749988850720579e-03
8.856174660950890884e-03
8.211446653372962354e-03
8.015553069472249048e-03
7.893597343252397452e-03
8.044562069417926162e-03
8.394713878682845062e-03
8.866253620215418241e-03
9.241030566042970212e-03
9.661925613585902600e-03
1.047669993756956616e-02
1.147674082820281626e-02
1.271807337866675755e-02
1.426049631183402659e-02
1.602122071322931510e-02
1.822519615155770989e-02
2.110396490667043601e-02
2.477675951705366961e-02
2.936188157928191350e-02
3.483632692744194348e-02
4.198395418545419755e-02
5.012149816118333795e-02
6.341046821145716883e-02
6.894885447019781510e-02
2.393995665504741854e+00
2.005561140696671796e+00
1.681092546676357991e+00
1.412416292447806088e+00
1.187324352272321359e+00
9.972510085492115595e-01
8.349096036632143170e-01
6.945792599751092755e-01
5.717516480221674913e-01
4.623782889441178101e-01
3.631360068807595320e-01
2.714449066855870174e-01
1.846515760479670032e-01
1.008371978601436542e-01
1.793856581709205034e-02
-6.599039744764509385e-02
-1.530782432137089144e-01
-2.452355041719359308e-01
-3.446301059774931064e-01
-4.531477621923045151e-01
-5.734902412822722173e-01
-7.083734098832035198e-01
-8.611870304862310199e-01
-1.035978678469951619e+00
-1.237237304228512969e+00
-1.470812316760184535e+00
-1.743846384557349083e+00
-2.065473732492782766e+00
-2.447230689870364184e+00
-2.902749972344272678e+00
-3.450996248275730593e+00
-4.109810493560967615e+00
-4.921468664934244508e+00
4.670700841967173389e+00
3.912726994573660022e+00
3.283304747904157939e+00
2.760570011550953495e+00
2.322434000996266512e+00
1.951699013039875030e+00
1.634960800323868924e+00
1.360583738684339794e+00
1.119855808805139352e+00
9.050829039930042841e-01
7.101561360094886810e-01
5.294549848499291445e-01
3.584720440370004479e-01
1.929050562491048393e-01
2.889318357849250674e-02
-1.374489839687753068e-01
-3.099864857205603674e-01
-4.927783692732564114e-01
-6.897356943407424446e-01
-9.051491233373006873e-01
-1.143937543910322763e+00
-1.411776574408777352e+00
-1.715031967696500903e+00
-2.061680812260719531e+00
-2.460677507831115385e+00
-2.923474675733130024e+00
-3.464278943693774870e+00
-4.100887251410694212e+00
-4.855789630718371441e+00
-5.756440293159227117e+00
-6.839017685903566068e+00
-8.143057453408593105e+00
-9.738093678450001178e+00
6.785139573036177651e+00
5.689136747894181667e+00
4.780669286259722206e+00
4.024898283818918898e+00
3.390530507241495961e+00
2.853041743584188161e+00
2.392709065074794417e+00
1.993379319140869521e+00
1.642132700041929017e+00
1.328318238686086561e+00
1.042707795814403759e+00
7.779088383180784438e-01
5.267869717996559453e-01
2.835893334383561837e-01
4.216335744434555194e-02
-2.027369516701194307e-01
-4.570228532039134484e-01
-7.262582655823128785e-01
-1.016425733002189302e+00
-1.333822937079368387e+00
-1.685638461319817205e+00
-2.079906680945426078e+00
-2.526150968105432160e+00
-3.035269384727152353e+00
-3.620705232276989260e+00
-4.298662114540658941e+00
-5.089667200761615717e+00
-6.019128245277148181e+00
-7.119500801315864713e+00
-8.430485873038035649e+00
-1.000417587884980541e+01
-1.189972505346842091e+01
-1.421158144243332266e+01
8.665318657768828814e+00
7.277279079738033118e+00
6.127327707220127095e+00
5.168813657307447684e+00
4.362622467264302806e+00
3.677906840834852975e+00
3.089978563839129500e+00
2.578511089745225249e+00
2.127444584325903332e+00
1.723318808688856008e+00
1.354864978564802147e+00
1.012501126492805881e+00
6.875498363949117397e-01
3.721961441739946030e-01
5.917084746612424201e-02
-2.589555444564001219e-01
-5.892497160255598665e-01
-9.390306825174572491e-01
-1.315921623538337526e+00
-1.728319105215718743e+00
-2.185010327271768027e+00
-2.696636424397903298e+00
-3.274656089096021905e+00
-3.933213359374803098e+00
-4.688682216852740225e+00
-5.561610546777891351e+00
-6.577554581488460173e+00
-7.768140932158460465e+00
-9.173795210470537143e+00
-1.084492045773922975e+01
-1.284669830902062948e+01
-1.525578799738159042e+01
-1.818729899925470406e+01
1.024957137880273805e+01
8.628379317831024409e+00
7.284477442268449288e+00
6.161489764706016281e+00
5.214246532124192868e+00
4.407072600640247195e+00
3.711292855258767176e+00
3.103863154883739650e+00
2.566182517497297422e+00
2.082965633410209794e+00
1.641145126419618627e+00
1.229858011251817373e+00
8.386480327956684633e-01
4.587745710329164672e-01
8.092915532382012611e-02
-3.030841993489949426e-01
-7.020886097357000866e-01
-1.124772041372211984e+00
-1.580279447283032157e+00
-2.078406519130467256e+00
-2.630082131501479736e+00
-3.247142101332599839e+00
-3.943408969984759427e+00
-4.734572770323280722e+00
-5.639937465337415468e+00
-6.682739805445071291e+00
-7.891896122238501121e+00
-9.303852970115489285e+00
-1.096455176767860173e+01
-1.293222394383657559e+01
-1.528234813059891373e+01
-1.810518361337591742e+01
-2.153242464366924835e+01
1.148989033099561752e+01
9.704635391562511870e+00
8.222621420662266090e+00
6.979764261349343357e+00
5.927157877224097149e+00
5.025832630570591597e+00
4.244948777194067269e+00
3.560079833219378376e+00
2.950912411698711324e+00
2.401377654816728935e+00
1.897483040870459270e+00
1.426961583096357344e+00
9.788988611654804162e-01
5.428776644629883519e-01
1.091048480486223327e-01
-3.324471999856700166e-01
-7.913923945161129847e-01
-1.277786063533549399e+00
-1.801970690961039567e+00
-2.375409692545897400e+00
-3.009973331922377149e+00
-3.719051722554272743e+00
-4.517486586652749381e+00
-5.422566065722066675e+00
-6.454595557324541488e+00
-7.638471304634304460e+00
-9.005122280090734677e+00
-1.059275094972902487e+01
-1.245058395869220291e+01
-1.464127267679136857e+01
-1.724646549477949264e+01
-2.036616614557574678e+01
-2.414243912082000065e+01
1.235418958234380504e+01
1.048203364001195936e+01
8.923295962213625643e+00
7.609603418770900518e+00
6.490062006886917700e+00
5.525258163398437006e+00
4.683665941939612054e+00
3.940783459502942065e+00
3.276571347934399636e+00
2.674573382932609711e+00
2.120507457884979186e+00
1.601923712501444497e+00
1.107159382976194095e+00
6.249360688015240806e-01
1.447341031690431989e-01
-3.444079928658222434e-01
-8.532498432135219302e-01
-1.392842618484436912e+00
-1.974838712120998929e+00
-2.611446929621388247e+00
-3.315763800000606665e+00
-4.101937814570069563e+00
-4.985462075247062863e+00
-5.984043608570959627e+00
-7.118256916276988200e+00
-8.413063979948471882e+00
-9.898898104490495342e+00
-1.161362299881306903e+01
-1.360635603257690285e+01
-1.594034940880433915e+01
-1.869849307409436889e+01
-2.198551475341286832e+01
-2.594783982912620601e+01
1.282900693956961469e+01
1.095164124911514847e+01
9.381034421690419123e+00
8.046878060837462598e+00
6.900086055110532968e+00
5.902393014733756438e+00
5.024511991403534772e+00
4.243461574551423254e+00
3.540393052054608081e+00
2.899921378919145365e+00
2.308489979904522205e+00
1.753248689064010435e+00
1.222710817770305214e+00
7.052276632825410507e-01
1.892316272672271427e-01
-3.367158264588183680e-01
-8.842897371340344703e-01
-1.465593227591036829e+00
-2.093150305121388666e+00
-2.780041457378326530e+00
-3.540049929809210738e+00
-4.387740581978690102e+00
-5.338666484826298131e+00
-6.410364365957809341e+00
-7.622393015942580341e+00
-8.998114024528453214e+00
-1.056525657698928811e+01
-1.235889744968885928e+01
-1.442398431024498429e+01
-1.681967149824580332e+01
-1.962505202056105702e+01
-2.294352667228876541e+01
-2.691844773970100491e+01
1.292106443337943311e+01
1.112180808841110569e+01
9.603958659488476712e+00
8.298866733402016749e+00
7.162409872590679072e+00
6.161020614954392016e+00
5.269416482276637836e+00
4.468321286959231031e+00
3.742050381709102869e+00
3.076714032488923500e+00
2.460028324231546826e+00
1.880139611691935331e+00
1.325373210666692225e+00
7.837978806274839005e-01
2.436675167427525823e-01
-3.072736099590418490e-01
-8.815389447782607801e-01
-1.492189675230342072e+00
-2.152172672879693494e+00
-2.875742011305523871e+00
-3.676855358077092628e+00
-4.570332767362533133e+00
-5.571396959929318271e+00
-6.696748680963052536e+00
-7.963837877756763106e+00
-9.392775709650166505e+00
-1.100704179606238853e+01
-1.283503069817403031e+01
-1.491392396144120980e+01
-1.729383259994691713e+01
-2.004322309689958459e+01
-2.325694391408415385e+01
-2.706736807365401987e+01
1.265901005590786532e+01
1.101960518182926663e+01
9.615513593098302891e+00
8.384425500038126700e+00
7.291234647042077022e+00
6.310652205062925013e+00
5.424444678001918874e+00
4.619021067836599492e+00
3.882701514166270407e+00
3.205012640736986107e+00
2.574950915813555952e+00
1.981912471916543739e+00
1.414549753588177694e+00
8.610082909388420136e-01
3.089181385978392869e-01
-2.545185787932383592e-01
-8.426471275760443191e-01
-1.469031531762014176e+00
-2.147993010350170984e+00
-2.893905455815935834e+00
-3.721287603902032171e+00
-4.645236454854782870e+00
-5.680234672848168742e+00
-6.841443035105770676e+00
-8.144055762179052138e+00
-9.603361977615845646e+00
-1.123628606955312392e+01
-1.306225105911966367e+01
-1.510604572951842783e+01
-1.740281739521455506e+01
-2.000267456238890063e+01
-2.298339347232096230e+01
-2.645496561757737908e+01
1.209679920758294713e+01
1.069279180947631858e+01
9.455445275993128007e+00
8.334096755407891521e+00
7.308924157905326346e+00
6.366456097175094975e+00
5.499053763729691902e+00
4.700665085957651534e+00
3.965147860189937479e+00
3.285315649068099031e+00
2.652829614027329530e+00
2.057930199448521513e+00
1.489866561308797133e+00
9.365951159913173951e-01
3.853826689462255262e-01
-1.771798530013430073e-01
-7.652751386984539828e-01
-1.393543982425589300e+00
-2.076840004170425136e+00
-2.830398556825756806e+00
-3.669357368621261717e+00
-4.608825246932608088e+00
-5.662775586436124442e+00
-6.845076858677951570e+00
-8.167635499624486428e+00
-9.640792210947020990e+00
-1.127328607566972352e+01
-1.307297151421950510e+01
-1.504807963187381503e+01
-1.721227877401360118e+01
-1.958833909989984434e+01
-2.222562428359945486e+01
-2.519737166559206187e+01
1.131642274280742733e+01
1.021232923819878380e+01
9.179843265186800494e+00
8.189905399676449704e+00
7.244410636307286211e+00
6.347527807630266139e+00
5.504598883039077073e+00
4.719297471673771227e+00
3.991511973379809231e+00
3.318186247207216777e+00
2.692849441684815659e+00
2.107076912629224363e+00
1.550077407658549289e+00
1.009991344481514286e+00
4.732313385980569387e-01
-7.438112280822938016e-02
-6.479173652453003029e-01
-1.262951859892007089e+00
-1.935330730022966961e+00
-2.681404708766062850e+00
-3.516932791839908923e+00
-4.457440111168975427e+00
-5.516972439510715809e+00
-6.708113951779956174e+00
-8.040292140025018242e+00
-9.518550153190583174e+00
-1.114323437809736639e+01
-1.290880031894076296e+01
-1.480338027860469197e+01
-1.681276849133285012e+01
-1.892084004751713522e+01
-2.113575234202802022e+01
-2.347188625436159981e+01
1.043559655932523889e+01
9.674967254520527860e+00
8.861970803060534863e+00
8.003079593789857782e+00
7.131275442386939112e+00
6.273862250314840239e+00
5.452083592214240326e+00
4.679710764263180778e+00
3.963124894207712856e+00
3.302390643732273645e+00
2.693081737195979208e+00
2.127055752373595343e+00
1.593431106388964569e+00
1.079830822743987007e+00
5.717291832003171814e-01
5.417877220925106097e-02
-4.891694703665652733e-01
-1.074934775121554331e+00
-1.720308985555152770e+00
-2.442820029187238173e+00
-3.259309825413213790e+00
-4.186667044224870793e+00
-5.239341339156176502e+00
-6.429710789090306911e+00
-7.765698016247792879e+00
-9.248746832853035116e+00
-1.087136416054331889e+01
-1.261435432947021162e+01
-1.444438407928711143e+01
-1.631340886576051474e+01
-1.815640888547704890e+01
-1.992272132028124076e+01
-2.153038521435452424e+01
9.619104888502191031e+00
9.204784880910837686e+00
8.587717522738302023e+00
7.828720406570778501e+00
7.002444481617747130e+00
6.162758600193044778e+00
5.348615558681033555e+00
4.583315022504150349e+00
3.877842288529401049e+00
3.234708141964709238e+00
2.649704730912342487e+00
2.114255295545082181e+00
1.616808873721877093e+00
1.143916498589106379e+00
6.798314789000385883e-01
2.082768591170191808e-01
-2.879623162347587084e-01
-8.272192848423919331e-01
-1.428159929232897030e+00
-2.109636465081897949e+00
-2.890803240634881810e+00
-3.789782834718951054e+00
-4.823147355585718721e+00
-6.004508158979879440e+00
-7.342487992871204128e+00
-8.837085809373640188e+00
-1.047638867976971788e+01
-1.223083704493649115e+01
-1.404663357889426756e+01
-1.583901327203115450e+01
-1.748459314471167758e+01
-1.884757194732663521e+01
-1.971615497745711210e+01
9.076082099665880421e+00
8.955160790323377640e+00
8.452676240249765272e+00
7.722455125597721626e+00
6.884687115377830402e+00
6.024282187153429113e+00
5.194867271743055959e+00
4.425603338926135777e+00
3.729425398902000754e+00
3.108108294878332067e+00
2.556080079161043184e+00
2.063008242493228561e+00
1.615542522563122585e+00
1.198481809393117770e+00
7.948639832376951375e-01
3.869344325583991551e-01
-4.430818309366669344e-02
-5.184699753639030462e-01
-1.055820000015557314e+00
-1.677385009815737016e+00
-2.404709882810532662e+00
-3.258661722420363560e+00
-4.258891714245299553e+00
-5.422393744622128864e+00
-6.761063850524159591e+00
-8.278239128559185644e+00
-9.962568752720837750e+00
-1.178030222644746594e+01
-1.366379316125353682e+01
-1.549443847453875556e+01
-1.709355591278219677e+01
-1.821767299474652191e+01
-1.853823519173736400e+01
9.118978530026391027e+00
9.068662272763264198e+00
8.530599862813051715e+00
7.709496378270898731e+00
6.777217417869226601e+00
5.846475998814703701e+00
4.975351151754985324e+00
4.191431314229638438e+00
3.504163290550342147e+00
2.911253710082767565e+00
2.403193117955038538e+00
1.966204429968056555e+00
1.584275745702668159e+00
1.240127387707790518e+00
9.152091856709105855e-01
5.897104294268936675e-01
2.432227857671717952e-01
-1.452218453846764734e-01
-5.976935459639088899e-01
-1.137705730415696781e+00
-1.789791180127319192e+00
-2.578591736840097681e+00
-3.528063803671991128e+00
-4.660754645845245570e+00
-5.996140925321041593e+00
-7.546060328381774873e+00
-9.308389102315054231e+00
-1.125698547936832838e+01
-1.332701807614678025e+01
-1.538933372575135294e+01
-1.721657172339461184e+01
-1.838662526383588869e+01
-1.845460145186763867e+01
