0.000000000000000000e+00
0.000000000000000000e+00
0.000000000000000000e+00
0.000000000000000000e+00
0.000000000000000000e+00
0.000000000000000000e+00
0.000000000000000000e+00
0.000000000000000000e+00
0.000000000000000000e+00
0.000000000000000000e+00
0.000000000000000000e+00
0.000000000000000000e+00
0.000000000000000000e+00
0.000000000000000000e+00
0.000000000000000000e+00
0.000000000000000000e+00
0.000000000000000000e+00
0.000000000000000000e+00
0.000000000000000000e+00
0.000000000000000000e+00
0.000000000000000000e+00
0.000000000000000000e+00
0.000000000000000000e+00
0.000000000000000000e+00
0.000000000000000000e+00
0.000000000000000000e+00
0.000000000000000000e+00
0.000000000000000000e+00
0.000000000000000000e+00
0.000000000000000000e+00
0.000000000000000000e+00
0.000000000000000000e+00
0.000000000000000000e+00
1.950902911029600784e+00
1.979124716168633169e+00
2.015939101919379528e+00
2.025844194135546505e+00
2.004161881911666221e+00
1.956653446518429318e+00
1.892037399939189513e+00
1.819125400431967909e+00
1.745810853690705988e+00
1.678686793650989939e+00
1.623156810192169619e+00
1.583478851368027351e+00
1.563014519173606898e+00
1.564371608029171412e+00
1.589558808380454380e+00
1.640040011683318033e+00
1.716819786647499235e+00
1.820410075475023870e+00
1.950774729983255629e+00
2.107265039397335560e+00
2.288441573142247609e+00
2.491840783268735482e+00
2.713694245099546265e+00
2.948620471217213712e+00
3.189207519935613355e+00
3.425546949895353244e+00
3.644964568046976883e+00
3.832018517393999346e+00
3.969018719729123124e+00
4.038629908419806291e+00
4.030360890796800710e+00
3.958151659918646370e+00
3.901805822059201567e+00
3.826833717267294599e+00
3.842363568675455365e+00
3.852673885265071263e+00
3.827662190739463011e+00
3.762184211233734032e+00
3.662712199713691330e+00
3.540867163258862860e+00
3.409323844398326919e+00
3.280032405092246695e+00
3.163516172266923387e+00
3.068606009888048103e+00
3.002523628956710322e+00
2.971033880800067806e+00
2.978743750799432100e+00
3.029159843236598704e+00
3.124880372149033025e+00
3.267632517548320514e+00
3.458227497595375954e+00
3.696494364198176008e+00
3.981133882726670681e+00
4.309438081461974157e+00
4.676936095111728697e+00
5.077025215889907628e+00
5.500477180293803059e+00
5.934922276062780888e+00
6.364366425730505483e+00
6.769092901895069403e+00
7.126117810235449213e+00
7.410643659909268877e+00
7.600601150450199128e+00
7.685174635027601120e+00
7.681181678332634100e+00
7.653667434534589198e+00
5.555701449863481578e+00
5.544933859516548047e+00
5.501812412480325598e+00
5.415957371959978950e+00
5.288982679719812730e+00
5.129655478939946001e+00
4.950894925059844631e+00
4.766785027855785728e+00
4.590900249224406870e+00
4.435537625082526247e+00
4.311272286608879512e+00
4.226959549203828104e+00
4.189831871568094002e+00
4.205715412516549456e+00
4.279122528520940882e+00
4.413385949689230259e+00
4.610707440482339159e+00
4.872081753805190374e+00
5.197229951160831973e+00
5.584398735962866844e+00
6.030019663167454524e+00
6.528388516027255228e+00
7.071239524533479148e+00
7.647238553359670732e+00
8.241514121714580199e+00
8.835356731259681240e+00
9.406286461606759630e+00
9.928807110624667587e+00
1.037612608461946984e+01
1.072431368600702761e+01
1.095825764765374188e+01
1.108010494596918427e+01
1.111140289972696316e+01
7.071066691414661598e+00
7.032044306183691695e+00
6.927941818166191368e+00
6.771462288273450092e+00
6.574906124566326504e+00
6.351561283345013464e+00
6.115978723776049897e+00
5.882856702359585022e+00
5.666183995292145781e+00
5.478614877920152892e+00
5.331272127192906218e+00
5.233573417008241080e+00
5.193369594006481904e+00
5.217028629773857062e+00
5.309588652553188126e+00
5.474754474555185269e+00
5.714989473116466101e+00
6.031417837041542995e+00
6.423756353309481248e+00
6.890056843779470697e+00
7.426427444387129206e+00
8.026704567535789536e+00
8.682091907644357676e+00
9.380694265056218839e+00
1.010711695399293930e+01
1.084231146489423914e+01
1.156366875282085260e+01
1.224558749294377158e+01
1.286060810179491298e+01
1.338177046100977030e+01
1.378443195514341468e+01
1.404709199581325763e+01
1.414213338282932320e+01
8.314694805514694309e+00
8.250058470439258329e+00
8.088324609726212699e+00
7.863092589250307185e+00
7.598247699021420054e+00
7.312802447094617797e+00
7.023612218800571405e+00
6.745943863802446039e+00
6.493694879799480901e+00
6.279187192040455834e+00
6.113281578886678780e+00
6.005241785855618630e+00
5.962859531285005232e+00
5.992559624937054075e+00
6.099456484164448966e+00
6.287372359413591738e+00
6.558847815920898050e+00
6.915138484360966231e+00
7.356036684663481040e+00
7.879701919740679017e+00
8.482376002873015963e+00
9.158136562795450075e+00
9.898531420636283329e+00
1.069223924978608053e+01
1.152468806559852865e+01
1.237790163311393954e+01
1.323041021908023396e+01
1.405726581442469580e+01
1.483010616785302815e+01
1.551725504771304465e+01
1.608170258065899105e+01
1.647641071113858757e+01
1.662938961102938862e+01
9.238793861173350663e+00
9.153281362858162851e+00
8.943151884197325430e+00
8.658784320370482845e+00
8.334437005775521712e+00
7.994881810354431906e+00
7.659486920127965170e+00
7.344243250198584150e+00
7.062794470022888405e+00
6.826850273521253953e+00
6.646554893042996959e+00
6.530586317248750383e+00
6.486238297372084460e+00
6.519621330193916542e+00
6.635625109553393131e+00
6.837970785360833581e+00
7.129196854408112571e+00
7.510641293055519085e+00
7.982297830479271994e+00
8.542622322713819827e+00
9.188366981035821723e+00
9.914323296692870713e+00
1.071299720589648174e+01
1.157432973498580964e+01
1.248532096708885497e+01
1.342973937590383038e+01
1.438766855002387679e+01
1.533484772422995945e+01
1.624156841536436957e+01
1.707063333255031168e+01
1.777253802558434614e+01
1.827739402532279556e+01
1.847758772234670133e+01
9.807851249922407533e+00
9.707204659592454377e+00
9.461099065894531535e+00
9.132068759668150904e+00
8.762405524969199888e+00
8.381667850452483748e+00
8.011500110293198418e+00
7.668564147889715521e+00
7.366197329035618857e+00
7.115390674842733354e+00
6.925387474223648532e+00
6.804027662044240365e+00
6.757897295588252362e+00
6.792524783010709832e+00
6.912409568479899846e+00
7.121015786241847501e+00
7.420815142991886937e+00
7.813213201684209963e+00
8.298447421921496314e+00
8.875417637156054695e+00
9.541590606504302130e+00
1.029274537170469195e+01
1.112266404947258103e+01
1.202289571053133699e+01
1.298230139242450143e+01
1.398656943117416596e+01
1.501737121314574885e+01
1.605105286033813172e+01
1.705646210705219801e+01
1.799127972348654225e+01
1.879548251918573953e+01
1.938140367011731158e+01
1.961570249984481507e+01
9.999998415443290156e+00
9.890350652547059696e+00
9.622361171338445374e+00
9.265950546616263495e+00
8.868608404884561480e+00
8.463174414096489073e+00
8.072845232422560358e+00
7.714683238348568395e+00
7.401612095121922863e+00
7.143837871591655286e+00
6.949668413727016159e+00
6.825992850934629708e+00
6.778602499114900759e+00
6.812332209772250735e+00
6.931163923667504001e+00
7.138247257726491490e+00
7.435902057708617896e+00
7.825590022485041430e+00
8.307789447648081804e+00
8.881922735150508785e+00
9.546226794255872505e+00
1.029754726034203394e+01
1.113103149753606047e+01
1.203991297744936517e+01
1.301490205632642727e+01
1.404355290360145680e+01
1.510907543289598465e+01
1.618845435783638464e+01
1.724952735626428080e+01
1.824627770878849731e+01
1.911141189493831050e+01
1.974562567668196422e+01
1.999999683088658031e+01
9.807851249922407533e+00
9.695362569225689953e+00
9.420184773050554128e+00
9.055000176428261938e+00
8.649511250934011741e+00
8.237971540610752541e+00
7.844178070815037707e+00
7.485062725168540432e+00
7.172996952529179460e+00
6.917312306699293423e+00
6.725375033349003218e+00
6.603123371652339202e+00
6.555515625170309946e+00
6.586666661987858440e+00
6.699996127251290012e+00
6.898298631590530583e+00
7.183697933647217759e+00
7.557657107568091170e+00
8.020893078273303445e+00
8.573303095281810116e+00
9.213864187279595441e+00
9.940405673222146632e+00
1.074939191224144430e+01
1.163559868562396282e+01
1.259145052927971697e+01
1.360625492430398253e+01
1.466472142477534213e+01
1.574473778885979591e+01
1.681404611435940311e+01
1.782499671284964649e+01
1.870692090335709423e+01
1.935537199904423034e+01
1.961570249984481507e+01
9.238793861173350663e+00
9.129435137677704759e+00
8.861559110231052472e+00
8.506351917595665668e+00
8.112744935710276550e+00
7.714482658021685424e+00
7.334811707286917226e+00
6.989961782774618548e+00
6.691431509483985351e+00
6.447612284276449834e+00
6.264909707444974885e+00
6.148353272557013582e+00
6.102066103457585378e+00
6.129475988561837063e+00
6.233446657907374622e+00
6.416373798631800796e+00
6.680160068593064437e+00
7.026221377218266895e+00
7.455440672524074053e+00
7.968112572459150833e+00
8.563802026736995643e+00
9.241212902349435154e+00
9.997907105324994603e+00
1.083001830015166078e+01
1.173148288966154595e+01
1.269323450288450061e+01
1.370155044445222359e+01
1.473570171996014722e+01
1.576455687621227142e+01
1.674122327323795290e+01
1.759576286458146299e+01
1.822495042868057169e+01
1.847758772234670133e+01
8.314694805514694309e+00
8.214039694628901600e+00
7.967129974837717121e+00
7.639796996472042245e+00
7.277417760554395265e+00
6.911392034834848985e+00
6.563249348890667356e+00
6.247828355378182152e+00
5.975441107411094244e+00
5.753408414671402404e+00
5.587153215768806191e+00
5.480824451414377130e+00
5.437768820037049089e+00
5.460761177981268588e+00
5.552129175074537848e+00
5.713855451333826885e+00
5.947589393804367575e+00
6.254652747856888517e+00
6.635983129103752987e+00
7.092145208357581332e+00
7.623154203430438258e+00
8.228358054822725975e+00
8.906223272328084306e+00
9.653958135677729757e+00
1.046684228896871005e+01
1.133732953835244750e+01
1.225343027579550359e+01
1.319643488073658411e+01
1.413768077124561628e+01
1.503351565648029364e+01
1.581870355083999335e+01
1.639714995714166079e+01
1.662938961102938862e+01
7.071066691414667815e+00
6.984085323413727231e+00
6.770432332548517174e+00
6.487184971732214755e+00
6.173734677861409281e+00
5.857431343482049968e+00
5.556983381959962998e+00
5.285214965621972460e+00
5.050872655703602554e+00
4.860075619600301877e+00
4.717209369873526015e+00
4.625594893848647082e+00
4.587857941761221525e+00
4.606139869082985783e+00
4.682262858561424324e+00
4.817806503987183575e+00
5.014130877488661930e+00
5.272398041352309050e+00
5.593514827799378253e+00
5.978150091356747353e+00
6.426607596515884424e+00
6.938670833938967775e+00
7.513453804353916965e+00
8.149030095456078371e+00
8.841814498790517618e+00
9.585760817849942939e+00
1.037084374271043785e+01
1.118103314127815828e+01
1.199151167194450274e+01
1.276417842831707361e+01
1.344211016050334706e+01
1.394159582151248067e+01
1.414213338282933563e+01
5.555701449863481578e+00
5.486598321272606604e+00
5.316637329250970545e+00
5.091307020122635585e+00
4.841984033392375153e+00
4.590511304867650466e+00
4.351836694861352939e+00
4.136153989778688533e+00
3.950344349570666047e+00
3.799143593235460692e+00
3.685908336497286886e+00
3.613110384435608058e+00
3.582700283634308924e+00
3.596231585547933207e+00
3.655049746783637588e+00
3.760337520530068200e+00
3.913140650499988382e+00
4.114394065028068148e+00
4.364880478151859755e+00
4.665237076927390980e+00
5.015868566512063254e+00
5.416819079451798302e+00
5.867618206726135988e+00
6.367010849484963764e+00
6.912409065144025533e+00
7.499256130291630740e+00
8.119739660203217468e+00
8.761174241948504360e+00
9.403790475884971301e+00
1.001707216153472579e+01
1.055547581043825645e+01
1.095210695224849751e+01
1.111140289972696316e+01
3.826833717267294599e+00
3.778902422735940902e+00
3.660815326211288578e+00
3.504294424576648748e+00
3.331107301248333652e+00
3.156472067694301220e+00
2.990791470806517527e+00
2.841162480490194930e+00
2.712321682793594313e+00
2.607506992066663365e+00
2.528979325328955863e+00
2.478387755848255658e+00
2.457025027790592286e+00
2.465907802014982941e+00
2.505913097220822561e+00
2.577840017490828917e+00
2.682403346235530783e+00
2.820245569080462200e+00
2.991940975669764580e+00
3.197981455052131494e+00
3.438733991121443179e+00
3.714315633690279395e+00
4.024535209039211026e+00
4.368631849745257867e+00
4.744928086373296772e+00
5.150343624956013500e+00
5.579535325914450894e+00
6.023708255155964864e+00
6.469121911621399157e+00
6.894467691161097811e+00
7.268005120402738939e+00
7.543074683497629884e+00
7.653667434534589198e+00
1.950902911029606779e+00
1.926396298740202795e+00
1.865822242590365665e+00
1.785620295129639823e+00
1.696882530268188027e+00
1.607410968381804306e+00
1.522532709652218985e+00
1.445905453244516137e+00
1.379942401745133607e+00
1.326261841114470652e+00
1.286030933259851405e+00
1.260064301707784606e+00
1.249016933430575627e+00
1.253384437864992984e+00
1.273606119556166316e+00
1.310083274340275938e+00
1.363180915228290768e+00
1.433222301914808261e+00
1.520506982438558419e+00
1.625313590459435131e+00
1.747846165362561432e+00
1.888197200865823877e+00
2.046297688074050214e+00
2.221827195745315287e+00
2.413899467856890357e+00
2.620994221659233236e+00
2.840370040085558934e+00
3.067517958611066575e+00
3.295437927953362767e+00
3.513159541714575784e+00
3.704385337876726414e+00
3.845043435060331749e+00
3.901805822059213558e+00
1.224646605095122140e-15
6.333046170687144376e-05
-1.320514106596552611e-04
-1.745198982198744426e-04
-2.105713339271099221e-04
-2.584480177368533708e-04
-3.366322424472133049e-04
-3.917129525911121715e-04
-4.485294112927135112e-04
-5.298747952658035710e-04
-6.032859674627448531e-04
-6.789469267650290185e-04
-7.471733410962344384e-04
-8.053892011822333039e-04
-8.525641295970570353e-04
-8.813076285105648925e-04
-8.855616558005990338e-04
-8.719152712378455683e-04
-8.531535817080351976e-04
-8.163156604445939452e-04
-7.614226851576188886e-04
-6.975736003830449805e-04
-6.146271585864013579e-04
-4.958374393391319721e-04
-3.792219448596350381e-04
-2.715156991602489067e-04
-1.823120935102369466e-04
-1.637574963392846115e-04
-1.045898688815833657e-04
-5.313338297393824841e-05
-2.414372918253044671e-05
-3.109379536028016033e-04
2.449293210190244281e-15
-1.950902911029601006e+00
-1.926280572726792872e+00
-1.866089727262447706e+00
-1.785964746888079935e+00
-1.697299734222061041e+00
-1.607920791868828969e+00
-1.523189826199624841e+00
-1.446672448252210863e+00
-1.380817966137941388e+00
-1.327292907236249819e+00
-1.287212063252842986e+00
-1.261403621089755900e+00
-1.250488034630167888e+00
-1.254968018227898385e+00
-1.275280523796158194e+00
-1.311807769833413184e+00
-1.364906281429201673e+00
-1.434922396195402294e+00
-1.522172546620115918e+00
-1.626914635647374485e+00
-1.749344247905793237e+00
-1.889570402014979500e+00
-2.047524663466693262e+00
-2.222815201299768617e+00
-2.414674417145535212e+00
-2.621540746124380927e+00
-2.840752817178034295e+00
-3.067852927974802579e+00
-3.295642171075551463e+00
-3.513262985584302722e+00
-3.704418509934837456e+00
-3.845636905431424335e+00
-3.901805822059202011e+00
-3.826833717267289270e+00
-3.778809051820821718e+00
-3.661080932798391974e+00
-3.504619472014176562e+00
-3.331495011180519050e+00
-3.156937498193127301e+00
-2.991399352164846981e+00
-2.841868355704476823e+00
-2.713132787971591409e+00
-2.608463445937632130e+00
-2.530090369525287208e+00
-2.479661093486390744e+00
-2.458425863791903865e+00
-2.467402389235114679e+00
-2.507482331787190155e+00
-2.579445759198634391e+00
-2.684005235154230729e+00
-2.821831223690506985e+00
-2.993504765854522631e+00
-3.199498075231439032e+00
-3.440154266230811775e+00
-3.715626461285102877e+00
-4.025717832475403490e+00
-4.369627179789568494e+00
-4.745726696351455054e+00
-5.150935478457647321e+00
-5.579952160968531416e+00
-6.024070324484765315e+00
-6.469339333756503940e+00
-6.894564492035194725e+00
-7.268012108525842230e+00
-7.543602837976958853e+00
-7.653667434534578540e+00
-5.555701449863479802e+00
-5.486534211645822445e+00
-5.316886207561240418e+00
-5.091598653975157873e+00
-4.842308146702060334e+00
-4.590887948776429361e+00
-4.352337276601482507e+00
-4.136741953456319898e+00
-3.951032460441154193e+00
-3.799986432496317068e+00
-3.686913041335393437e+00
-3.614271864382887944e+00
-3.583976216909374735e+00
-3.597575333877781834e+00
-3.656436838430630942e+00
-3.761744644158143913e+00
-3.914552226662453727e+00
-4.115807193976289469e+00
-4.366295400751135425e+00
-4.666621181104940952e+00
-5.017175283221970261e+00
-5.418034101537994474e+00
-5.868744884291531960e+00
-6.368005207817764024e+00
-6.913260932050579122e+00
-7.499915541614900150e+00
-8.120229694605379578e+00
-8.761594603300684625e+00
-9.404045737758766066e+00
-1.001717446761127839e+01
-1.055546334969759847e+01
-1.095255256090689322e+01
-1.111140289972695960e+01
-7.071066691414661598e+00
-6.984047243053431053e+00
-6.770650717915676076e+00
-6.487418954550950190e+00
-6.173971837797166629e+00
-5.857684434551960528e+00
-5.557333630145731007e+00
-5.285638587637528474e+00
-5.051394247797404091e+00
-4.860740448141082304e+00
-4.718034622852061766e+00
-4.626571826010163591e+00
-4.588941044817542725e+00
-4.607273144946266719e+00
-4.683417525231881484e+00
-4.818972644227178748e+00
-5.015303916744451307e+00
-5.273586585533177384e+00
-5.594734850346799959e+00
-5.979373574064188901e+00
-6.427786034943895999e+00
-6.939803445827723571e+00
-7.514549133264544878e+00
-8.150044025275725801e+00
-8.842732869739682755e+00
-9.586520445042026495e+00
-1.037144427917906242e+01
-1.118154893172268594e+01
-1.199183384680452136e+01
-1.276431404068050846e+01
-1.344210586089097070e+01
-1.394194564615833087e+01
-1.414213338282932320e+01
-8.314694805514694309e+00
-8.214022149470112666e+00
-7.967288055300024929e+00
-7.639953100992737056e+00
-7.277548048543367010e+00
-6.911503137715135914e+00
-6.563406532533183402e+00
-6.248045486942418236e+00
-5.975743676042876373e+00
-5.753852871869542085e+00
-5.587735056173971593e+00
-5.481547626467096812e+00
-5.438593359393941284e+00
-5.461627278850247791e+00
-5.553012892247079613e+00
-5.714753982692871936e+00
-5.948497572893828078e+00
-6.255593062882861766e+00
-6.636988266406910419e+00
-7.093191456177711629e+00
-7.624213173823463308e+00
-8.229422070210533846e+00
-8.907296655122015849e+00
-9.655002943909750002e+00
-1.046783685859090163e+01
-1.133821612736248241e+01
-1.225418579007459563e+01
-1.319708940186592372e+01
-1.413811661189120805e+01
-1.503372320649081395e+01
-1.581873891019690070e+01
-1.639739879296860181e+01
-1.662938961102938862e+01
-9.238793861173352440e+00
-9.129437848091448870e+00
-8.861642779830848582e+00
-8.506411601456868254e+00
-8.112735694745772719e+00
-7.714419693995470340e+00
-7.334758199505123422e+00
-6.989934889939460660e+00
-6.691478265802638603e+00
-6.447793002684413466e+00
-6.265213825982704599e+00
-6.148788113424409119e+00
-6.102589327491227955e+00
-6.130039934226926945e+00
-6.234040158438235224e+00
-6.416993149840418909e+00
-6.680802593344504103e+00
-7.026916744052284614e+00
-7.456218474719917388e+00
-7.968982323503037257e+00
-8.564745397508520597e+00
-9.242208816055978104e+00
-9.998964068801710070e+00
-1.083109176151966935e+01
-1.173256963415292375e+01
-1.269427137823423024e+01
-1.370250539975562987e+01
-1.473654938100669121e+01
-1.576515914246720840e+01
-1.674154177397063847e+01
-1.759586527537840794e+01
-1.822509178085449477e+01
-1.847758772234670488e+01
-9.807851249922398651e+00
-9.695391383387764961e+00
-9.420190040490776795e+00
-9.054938004463075174e+00
-8.649337419642767699e+00
-8.237711313331553598e+00
-7.843886815062684370e+00
-7.484774645675976501e+00
-7.172764171529530053e+00
-6.917204166930444487e+00
-6.725383828267995412e+00
-6.603264566754412535e+00
-6.555736183612864920e+00
-6.586941497682677671e+00
-6.700314738808388348e+00
-6.898650416675310204e+00
-7.184084479996781347e+00
-7.558099829008199322e+00
-8.021435728895594863e+00
-8.573988453052097114e+00
-9.214678887531807305e+00
-9.941335374635325906e+00
-1.075044241031806003e+01
-1.163673103789310126e+01
-1.259265634040160187e+01
-1.360748343371697544e+01
-1.466591574497322981e+01
-1.574582654919347746e+01
-1.681486530391343237e+01
-1.782547520690975773e+01
-1.870710487409300882e+01
-1.935539329643564344e+01
-1.961570249984479730e+01
-9.999998415443290156e+00
-9.890424251173330461e+00
-9.622289634985339291e+00
-9.265743860655533126e+00
-8.868243483907608748e+00
-8.462681880994813000e+00
-8.072301393412267601e+00
-7.714121910577710572e+00
-7.401101376412864141e+00
-7.143447745024650075e+00
-6.949408781683162672e+00
-6.825860194218035026e+00
-6.778554100571671626e+00
-6.812351067575830754e+00
-6.931231015935287232e+00
-7.138350157305145771e+00
-7.436049788110113745e+00
-7.825800560990939125e+00
-8.308113410916689645e+00
-8.882418004398136446e+00
-9.546906795344316521e+00
-1.029839775412161629e+01
-1.113207155263967252e+01
-1.204111796112990973e+01
-1.301625812531845305e+01
-1.404500912989727546e+01
-1.511055441797142862e+01
-1.618983109510996243e+01
-1.725062601602415668e+01
-1.824696052550390846e+01
-1.911170489120264548e+01
-1.974551202059608457e+01
-1.999999683088658031e+01
-9.807851249922407533e+00
-9.707326417857066403e+00
-9.460920468713208464e+00
-9.131687440817701784e+00
-8.761810483509629321e+00
-8.380929835038207543e+00
-8.010695446207590109e+00
-7.667754211800884789e+00
-7.365442529829200780e+00
-7.114758563876550923e+00
-6.924901938737227702e+00
-6.803660904078235205e+00
-6.757619572184904833e+00
-6.792320324233641848e+00
-6.912253460965213314e+00
-7.120905274489142123e+00
-7.420762228553550166e+00
-7.813242558936386750e+00
-8.298594659996853196e+00
-8.875747253464076891e+00
-9.542133208441986980e+00
-1.029350992647376728e+01
-1.112367934561567751e+01
-1.202416746933045566e+01
-1.298382007950876194e+01
-1.398826929385045936e+01
-1.501915790773684911e+01
-1.605276613552996423e+01
-1.705791394177677844e+01
-1.799225308575829985e+01
-1.879594669884662750e+01
-1.938116863738192208e+01
-1.961570249984481507e+01
-9.238793861173352440e+00
-9.153428538364853040e+00
-8.942796506907949805e+00
-8.658158612197466297e+00
-8.333577063356448988e+00
-7.993895324523643708e+00
-7.658446317773901946e+00
-7.343224136824451520e+00
-7.061848671584723292e+00
-6.826045777228200606e+00
-6.645896643007139559e+00
-6.530045502784128431e+00
-6.485797951598656574e+00
-6.519245647481256789e+00
-6.635298866353265268e+00
-6.837691334789005815e+00
-7.128986901284155131e+00
-7.510527409912382879e+00
-7.982312688729995109e+00
-8.542814750099170240e+00
-9.188782441310847204e+00
-9.915002351795216384e+00
-1.071398575967694278e+01
-1.157564873628903079e+01
-1.248697227029457935e+01
-1.343166489555126830e+01
-1.438976041709152831e+01
-1.533692662780336136e+01
-1.624345669897874700e+01
-1.707202274176158951e+01
-1.777329141041364124e+01
-1.827704798571289047e+01
-1.847758772234670488e+01
-8.314694805514694309e+00
-8.250197302908242492e+00
-8.087703760239184803e+00
-7.862139235540992033e+00
-7.597070289839693125e+00
-7.311572302369951259e+00
-7.022375056111424207e+00
-6.744781968698659647e+00
-6.492637428987057646e+00
-6.278287017925976876e+00
-6.112521487749589255e+00
-6.004603206647408875e+00
-5.962318033336893031e+00
-5.992079589971948117e+00
-6.099022500605686403e+00
-6.286987739766391137e+00
-6.558540302576671976e+00
-6.914930464920477249e+00
-7.355963772912529564e+00
-7.879790695768505771e+00
-8.482683741060423444e+00
-9.158732939997099365e+00
-9.899480089312319819e+00
-1.069355910006417076e+01
-1.152640282569376495e+01
-1.237998445684751125e+01
-1.323277574829914727e+01
-1.405972763736169284e+01
-1.483251758983567292e+01
-1.551922034557318320e+01
-1.608293132424011063e+01
-1.647603247442453167e+01
-1.662938961102938862e+01
-7.071066691414673144e+00
-7.032080377023103956e+00
-6.926905593219302659e+00
-6.770096602467097213e+00
-6.573404233723801227e+00
-6.350110009287300628e+00
-6.114622258628751084e+00
-5.881644211645130405e+00
-5.665118052115706959e+00
-5.477712762611834485e+00
-5.330501768538671747e+00
-5.232914048982625133e+00
-5.192790959236696757e+00
-5.216505831994884268e+00
-5.309107438640250365e+00
-5.474332497540802756e+00
-5.714639383819416274e+00
-6.031172905513583871e+00
-6.423638405265681861e+00
-6.890083613200178370e+00
-7.426651104206945853e+00
-8.027217813916678324e+00
-8.682959415759601285e+00
-9.381943250573035797e+00
-1.010879556435403615e+01
-1.084443911376697400e+01
-1.156620559404229454e+01
-1.224838551949009968e+01
-1.286357136367282372e+01
-1.338446588317159858e+01
-1.378643838562664925e+01
-1.404686863513598993e+01
-1.414213338282934629e+01
-5.555701449863481578e+00
-5.544683997392763075e+00
-5.500207280182981329e+00
-5.414156854643907835e+00
-5.287237713716919529e+00
-5.128118290876303220e+00
-4.949549020181875925e+00
-4.765627700431391389e+00
-4.589926355638204392e+00
-4.434720000397936346e+00
-4.310574505713470117e+00
-4.226350116691576453e+00
-4.189291941951113429e+00
-4.205218046986066938e+00
-4.278671951840280485e+00
-4.412991413947743524e+00
-4.610375170688695512e+00
-4.871834125137075588e+00
-5.197104200710918498e+00
-5.584400549437767758e+00
-6.030192600439681527e+00
-6.528819668555530420e+00
-7.071985568679468592e+00
-7.648337475452029466e+00
-8.243031448656140014e+00
-8.837351026378087226e+00
-9.408778212793562190e+00
-9.931728649828961863e+00
-1.037949982872796184e+01
-1.072778519317661150e+01
-1.096136713526052553e+01
-1.108037621770380632e+01
-1.111140289972696316e+01
-3.826833717267306589e+00
-3.841449761884158320e+00
-3.850499841466024087e+00
-3.825636622025298639e+00
-3.760471474761598376e+00
-3.661329117303532055e+00
-3.539713247611736779e+00
-3.408368704202080490e+00
-3.279246813003018346e+00
-3.162865707298151197e+00
-3.068061388909276044e+00
-3.002041367595202015e+00
-2.970606670263884475e+00
-2.978345829919748056e+00
-3.028803092695309118e+00
-3.124569251883659859e+00
-3.267364141360628693e+00
-3.458022291144816407e+00
-3.696387851275187764e+00
-3.981135289637679264e+00
-4.309571376554652389e+00
-4.677269117200180126e+00
-5.077601925381851622e+00
-5.501342346923475901e+00
-5.936134023572577689e+00
-6.366001672746440576e+00
-6.771208543963148863e+00
-7.128731794767119823e+00
-7.413915313975069310e+00
-7.604480648085593764e+00
-7.689380118448982948e+00
-7.682679599880570365e+00
-7.653667434534613179e+00
-1.950902911029604780e+00
-1.977460467107905684e+00
-2.013816883326385643e+00
-2.024256080558477500e+00
-2.002959184384193847e+00
-1.955724149276861557e+00
-1.891289229456174725e+00
-1.818532250932536565e+00
-1.745322618006495796e+00
-1.678294629241225522e+00
-1.622834413214465421e+00
-1.583201206899836233e+00
-1.562756085534636741e+00
-1.564137304659499739e+00
-1.589348120837798195e+00
-1.639858499880374687e+00
-1.716666360690488169e+00
-1.820293078189145985e+00
-1.950718971016244474e+00
-2.107275396115106503e+00
-2.288533724454865137e+00
-2.492043195374142428e+00
-2.714041001842715684e+00
-2.949151871717656803e+00
-3.189960100502875484e+00
-3.426574056013175884e+00
-3.646334326222618660e+00
-3.833758457599763858e+00
-3.971283984198999750e+00
-4.041722975298318588e+00
-4.034219059159385168e+00
-3.961544919483980909e+00
-3.901805822059209561e+00
-2.449293210190244281e-15
0.000000000000000000e+00
0.000000000000000000e+00
0.000000000000000000e+00
0.000000000000000000e+00
0.000000000000000000e+00
0.000000000000000000e+00
0.000000000000000000e+00
0.000000000000000000e+00
0.000000000000000000e+00
0.000000000000000000e+00
0.000000000000000000e+00
0.000000000000000000e+00
0.000000000000000000e+00
0.000000000000000000e+00
0.000000000000000000e+00
0.000000000000000000e+00
0.000000000000000000e+00
0.000000000000000000e+00
0.000000000000000000e+00
0.000000000000000000e+00
0.000000000000000000e+00
0.000000000000000000e+00
0.000000000000000000e+00
0.000000000000000000e+00
0.000000000000000000e+00
0.000000000000000000e+00
0.000000000000000000e+00
0.000000000000000000e+00
0.000000000000000000e+00
0.000000000000000000e+00
0.000000000000000000e+00
-4.898586420380488561e-15
0.000000000000000000e+00
0.000000000000000000e+00
0.000000000000000000e+00
0.000000000000000000e+00
0.000000000000000000e+00
0.000000000000000000e+00
0.000000000000000000e+00
0.000000000000000000e+00
0.000000000000000000e+00
0.000000000000000000e+00
0.000000000000000000e+00
0.000000000000000000e+00
0.000000000000000000e+00
0.000000000000000000e+00
0.000000000000000000e+00
0.000000000000000000e+00
0.000000000000000000e+00
0.000000000000000000e+00
0.000000000000000000e+00
0.000000000000000000e+00
0.000000000000000000e+00
0.000000000000000000e+00
0.000000000000000000e+00
0.000000000000000000e+00
0.000000000000000000e+00
0.000000000000000000e+00
0.000000000000000000e+00
0.000000000000000000e+00
0.000000000000000000e+00
0.000000000000000000e+00
0.000000000000000000e+00
0.000000000000000000e+00
0.000000000000000000e+00
0.000000000000000000e+00
-2.739415823831817254e-02
-1.779048444092178397e-02
4.478243156042165758e-04
1.723610592230203839e-02
2.945336802756469419e-02
3.648693127586272872e-02
3.883092556268670503e-02
3.725065136333630816e-02
3.250227062928118249e-02
2.524775575851550408e-02
1.604740533947379005e-02
5.344380576042085697e-03
-6.507916454335921190e-03
-1.923376395533561364e-02
-3.258947990345026358e-02
-4.633874242466463206e-02
-6.023083615096216925e-02
-7.398107572193306225e-02
-8.724087751817270753e-02
-9.955950539981495151e-02
-1.103540270769399062e-01
-1.188643992166413949e-01
-1.240974649800338780e-01
-1.248033416035801979e-01
-1.194525345195491667e-01
-1.063158502937224248e-01
-8.367565061041180863e-02
-5.046947337526375144e-02
-7.951487964746031464e-03
3.680832506832946299e-02
6.079043444244208033e-02
0.000000000000000000e+00
0.000000000000000000e+00
-6.137354971069656356e-02
-3.133020746638344456e-02
2.391519406283983823e-02
7.602735780062741533e-02
1.144051327508459337e-01
1.364623659672523082e-01
1.430203949102937799e-01
1.361203240913990420e-01
1.180441234101477221e-01
9.094066609346901364e-02
5.667696577033835836e-02
1.680962598728039797e-02
-2.739450198661741095e-02
-7.486917126364098229e-02
-1.246795980246140217e-01
-1.759111822526307767e-01
-2.275957114223541577e-01
-2.786388712542425816e-01
-3.277014414287819921e-01
-3.730966308496440065e-01
-4.126801233143014280e-01
-4.437309850288453927e-01
-4.628228357336391929e-01
-4.657818408930530785e-01
-4.477565705615926817e-01
-4.035788046078858660e-01
-3.286983840992733774e-01
-2.213289445149793921e-01
-8.719875275363668521e-02
5.037696440346936533e-02
1.287048759320135738e-01
0.000000000000000000e+00
0.000000000000000000e+00
-5.973906208324680778e-02
2.170799381084742921e-03
9.931549820747678781e-02
1.898852834004373102e-01
2.561679928639276627e-01
2.928737188189780571e-01
3.006524611660230661e-01
2.826573116319711088e-01
2.428005432865664448e-01
1.849592383154268493e-01
1.126271128176865727e-01
2.880754514561417040e-02
-6.396537493497342353e-02
-1.635131971146583374e-01
-2.678598683431288041e-01
-3.750746044280330316e-01
-4.831162347158646786e-01
-5.896729802196325476e-01
-6.919558932198880408e-01
-7.865067903249129966e-01
-8.690126443909479415e-01
-9.341010068390740440e-01
-9.751904322609623588e-01
-9.844787516359361224e-01
-9.532389138716134136e-01
-8.726190689968887915e-01
-7.355241284214243391e-01
-5.404891700555001233e-01
-2.991882544971866120e-01
-5.076918974877186325e-02
1.122825689674130656e-01
0.000000000000000000e+00
0.000000000000000000e+00
-1.004306506941030769e-02
1.002931596652866797e-01
2.420684963690691305e-01
3.683859592173352460e-01
4.577861906648796886e-01
5.033091608791481208e-01
5.055972611929739902e-01
4.688240111113657349e-01
3.984335218524273636e-01
2.999983029716782323e-01
1.786800408974690557e-01
3.902420348875598050e-02
-1.150284647790768278e-01
-2.800121378496935320e-01
-4.527286393792840924e-01
-6.300245440513598805e-01
-8.085632435488714354e-01
-9.845790960729725594e-01
-1.153577691329148891e+00
-1.310067801118526942e+00
-1.447302163275843823e+00
-1.557014661236767461e+00
-1.629278928025448714e+00
-1.652598033181617909e+00
-1.614427998901697858e+00
-1.502448229861899520e+00
-1.307222836916584141e+00
-1.027228762555731256e+00
-6.777410090473744431e-01
-3.059698647381280390e-01
-1.518252108560017542e-02
0.000000000000000000e+00
0.000000000000000000e+00
8.769682812441384478e-02
2.660733700566241811e-01
4.561095032317481479e-01
6.140102292594639133e-01
7.191306833059143422e-01
7.650118417763032141e-01
7.531322718759376755e-01
6.888937872292459907e-01
5.792430581538443590e-01
4.313479886192586044e-01
2.519493184860189250e-01
4.708687871198760644e-02
-1.779107384701321681e-01
-4.182678821683695758e-01
-6.695099823463516175e-01
-9.271914097306777069e-01
-1.186611190669479177e+00
-1.442465921579361376e+00
-1.688496062293183275e+00
-1.917140456585686437e+00
-2.119219281043353220e+00
-2.283637427180381430e+00
-2.397263325279136215e+00
-2.445111404709701119e+00
-2.411044369606449411e+00
-2.279324733822725157e+00
-2.037673115147740077e+00
-1.682584084299518778e+00
-1.228087311927052561e+00
-7.194176448241051958e-01
-2.526114778215058920e-01
0.000000000000000000e+00
0.000000000000000000e+00
2.274150652466286060e-01
4.930466732930229856e-01
7.358680461894834268e-01
9.217170351815635598e-01
1.035085505943855955e+00
1.072497327078136165e+00
1.037511789037732779e+00
9.372782093267949532e-01
7.803576881177732849e-01
5.754603803313014243e-01
3.307815421974447667e-01
5.372778882239808568e-02
-2.490882528782937255e-01
-5.716535978789948347e-01
-9.082833168586881278e-01
-1.253290619038992748e+00
-1.600644728233024505e+00
-1.943574788792646668e+00
-2.274136273031376554e+00
-2.582829237103853259e+00
-2.858218870229919162e+00
-3.086622192814862942e+00
-3.251983778258668689e+00
-3.336096556504192456e+00
-3.319353742697104703e+00
-3.182332764344837805e+00
-2.908750899612178475e+00
-2.490333487362578424e+00
-1.934347302307480865e+00
-1.274549805027541227e+00
-5.855867337926147220e-01
0.000000000000000000e+00
0.000000000000000000e+00
4.000884579504623284e-01
7.691843506016102783e-01
1.069275489131580992e+00
1.280402938001712787e+00
1.395654817999356645e+00
1.416814849609080662e+00
1.350840604998504890e+00
1.207275772852579587e+00
9.965322025198160016e-01
7.288676675441561059e-01
4.138282378648217574e-01
6.003972170845212758e-02
-3.247488702864592125e-01
-7.334407567762474267e-01
-1.159260701843204844e+00
-1.595412741886635510e+00
-2.034671870870369048e+00
-2.468951533355829397e+00
-2.888816680804637826e+00
-3.283055325246930334e+00
-3.638252614376928928e+00
-3.938443285500306867e+00
-4.164958119534247771e+00
-4.296584978786104791e+00
-4.310230672623371895e+00
-4.182251967630824296e+00
-3.890925221118648469e+00
-3.420289648822809614e+00
-2.765850904450429582e+00
-1.942328097058270364e+00
-9.930372320633904515e-01
0.000000000000000000e+00
0.000000000000000000e+00
5.951797381140458976e-01
1.079262477279955279e+00
1.440010469785083069e+00
1.674507504623718779e+00
1.786831077216597619e+00
1.785790541926929986e+00
1.682862084286193882e+00
1.490613432668496330e+00
1.221573055332427105e+00
8.875948751388054170e-01
4.994981954013670289e-01
6.698852281310345436e-02
-4.012165541372059718e-01
-8.970978246827303604e-01
-1.412974550573111943e+00
-1.941105466828023651e+00
-2.473262419502726850e+00
-3.000253462702537011e+00
-3.511399359592113800e+00
-3.994044692523051943e+00
-4.433098889997006964e+00
-4.810637092457218600e+00
-5.105648685736409398e+00
-5.294073595378117503e+00
-5.349205501078975189e+00
-5.242588736947744188e+00
-4.945670486615131090e+00
-4.432340608604876664e+00
-3.682503001598615544e+00
-2.686616084618831835e+00
-1.450575216961442093e+00
0.000000000000000000e+00
0.000000000000000000e+00
8.014776251188280298e-01
1.406426104169528735e+00
1.829326239380335561e+00
2.085650367518623760e+00
2.191826788159256356e+00
2.164792435465396903e+00
2.021342264687763457e+00
1.777524466983953166e+00
1.448226418983110442e+00
1.046934315296892848e+00
5.856833948200605988e-01
7.513055739687957146e-02
-4.751919019480987383e-01
-1.056522609321821848e+00
-1.660448162030020658e+00
-2.278482243379582162e+00
-2.901603676680545973e+00
-3.519739305584864475e+00
-4.121219444903943874e+00
-4.692229309842192997e+00
-5.216296277823095018e+00
-5.673823916947439372e+00
-6.041705563741634144e+00
-6.293145294683818669e+00
-6.397710018148827338e+00
-6.321624874052454324e+00
-6.028476855081676966e+00
-5.480289789196798544e+00
-4.638971722834078548e+00
-3.467795477025604534e+00
-1.932371231347299601e+00
0.000000000000000000e+00
0.000000000000000000e+00
1.007752896427935418e+00
1.733370903725754308e+00
2.217507526188911005e+00
2.494111080400926994e+00
2.592347393526340582e+00
2.537731791088491562e+00
2.352749732755081258e+00
2.057190830284890914e+00
1.668399358728180681e+00
1.201517905715950407e+00
6.697249641313937074e-01
8.452088751771134889e-02
-5.438950973894797203e-01
-1.206174851586211405e+00
-1.893351625839282404e+00
-2.596379260470844663e+00
-3.305646043192076444e+00
-4.010423708736635007e+00
-4.698282631077510985e+00
-5.354504357194287856e+00
-5.961513148093525061e+00
-6.498293584589190708e+00
-6.939860914157848448e+00
-7.256812628076025895e+00
-7.414953741697712708e+00
-7.374928375013981352e+00
-7.091925385069131949e+00
-6.515314611801294120e+00
-5.588039610137032653e+00
-4.245408986614065405e+00
-2.412628581396137228e+00
0.000000000000000000e+00
0.000000000000000000e+00
1.203245924105232012e+00
2.043266217492288650e+00
2.585081305839058707e+00
2.880122768378449383e+00
2.969823312492952283e+00
2.888108583142162011e+00
2.663106909801220556e+00
2.318335958325669743e+00
1.873575677955230612e+00
1.345564643463936783e+00
7.485436616130752840e-01
9.474371700453894374e-02
-6.050927101992098489e-01
-1.341175536574688021e+00
-2.104133971405381942e+00
-2.884529460243641985e+00
-3.672339293858980280e+00
-4.456370589689405470e+00
-5.223642648481837014e+00
-5.958755320806054634e+00
-6.643261807068221003e+00
-7.254968587594674112e+00
-7.767228679754120790e+00
-8.148206411366686552e+00
-8.360058003578290098e+00
-8.357909177144216883e+00
-8.088595612972163451e+00
-7.488948350329349246e+00
-6.483375963061394742e+00
-4.980281420670101156e+00
-2.866709187164062200e+00
0.000000000000000000e+00
0.000000000000000000e+00
1.378083977033257135e+00
2.320526402925074727e+00
2.913825774916575018e+00
3.224995499770344498e+00
3.306527093316065979e+00
3.200028971210471695e+00
2.938835470078581924e+00
2.549922284161523667e+00
2.055326439672802152e+00
1.473248907829704191e+00
8.188665084517382509e-01
1.050344584360271699e-01
-6.570778112799757764e-01
-1.457351378932160157e+00
-2.286146536065944534e+00
-3.133763947115161486e+00
-3.989910248662805969e+00
-4.843083548052224963e+00
-5.679919908584265542e+00
-6.484532475911593430e+00
-7.237798533717348270e+00
-7.916568764869966301e+00
-8.492761141094204547e+00
-8.932367723469182508e+00
-9.194196742266665723e+00
-9.228265316688496256e+00
-8.973668991591861044e+00
-8.355692401048996132e+00
-7.281833428257235674e+00
-5.636270171737042922e+00
-3.272076357014124692e+00
0.000000000000000000e+00
0.000000000000000000e+00
1.523650699795492169e+00
2.551461825869260736e+00
3.187629766812532406e+00
3.512076872371790337e+00
3.586553363239760372e+00
3.459131195288972727e+00
3.167580382414555640e+00
2.741835375785350415e+00
2.205861748690470137e+00
1.579098425307214892e+00
8.775073357598968116e-01
1.144403351821681458e-01
-6.986013385255831487e-01
-1.551274761320403206e+00
-2.433763127897325518e+00
-3.336214928872552221e+00
-4.248166539896138794e+00
-5.157925703028366726e+00
-6.051880943423737946e+00
-6.913801188554697497e+00
-7.724073049582576900e+00
-8.458788175280270494e+00
-9.088704898547723232e+00
-9.577986501900602079e+00
-9.882596446338208551e+00
-9.948183225282136277e+00
-9.707233709886702755e+00
-9.075223242332652873e+00
-7.945406802216222530e+00
-6.181720403159665089e+00
-3.609105117749270342e+00
0.000000000000000000e+00
0.000000000000000000e+00
1.632893088057332465e+00
2.724833644627628448e+00
3.393195521120847324e+00
3.727561913801204607e+00
3.796626632845820470e+00
3.653368816925148366e+00
3.338927629606001535e+00
2.885501793406010762e+00
2.318530329622545683e+00
1.658392482936680734e+00
9.216393490428553825e-01
1.219968614965898923e-01
-7.288002547200274073e-01
-1.620266814149804002e+00
-2.542485168828502395e+00
-3.485515551788029409e+00
-4.438806426977098596e+00
-5.390550492373462177e+00
-6.326986595367625199e+00
-7.231665655875886500e+00
-8.084624883699575548e+00
-8.861418413392154747e+00
-9.531935096041134869e+00
-1.005896011604349738e+01
-1.039628485762031396e+01
-1.048621794834022936e+01
-1.025619504100597013e+01
-9.614235066055126566e+00
-8.442828426155969623e+00
-6.590707063902005558e+00
-3.861774733261470249e+00
0.000000000000000000e+00
0.000000000000000000e+00
1.700586634345255366e+00
2.832288035606497001e+00
3.520615277961264944e+00
3.861109817065535577e+00
3.926782211525392086e+00
3.773660206732865507e+00
3.444999198074476077e+00
2.974407456000250249e+00
2.388252985518839466e+00
1.707493625583373476e+00
9.490550073676478071e-01
1.268940202365442249e-01
-7.471177669403714638e-01
-1.662411491553753784e+00
-2.609027141302441954e+00
-3.576985126792607161e+00
-4.555688740959022986e+00
-5.533273453247558926e+00
-6.495900014330888261e+00
-7.426986106066657101e+00
-8.306373721655438302e+00
-9.109286029592926326e+00
-9.805080224294526303e+00
-1.035567968769114877e+01
-1.071351655208192533e+01
-1.081880015788267890e+01
-1.059580138755578460e+01
-9.947883356196470572e+00
-8.750848690897109705e+00
-6.843995393424219031e+00
-4.018229332689851496e+00
0.000000000000000000e+00
0.000000000000000000e+00
1.723516346036318758e+00
2.868679417452635327e+00
3.563766925523684570e+00
3.906331124069216898e+00
3.970841338127307996e+00
3.814368211285624533e+00
3.480886244861955081e+00
3.004486619955065940e+00
2.411845027238470163e+00
1.724118106999810607e+00
9.583540713869161953e-01
1.285954730081983188e-01
-7.532384181837605830e-01
-1.676560110124470482e+00
-2.631395561258068838e+00
-3.607760198076942260e+00
-4.595045375285223166e+00
-5.581364702311344850e+00
-6.552848032229800168e+00
-7.492875065805239210e+00
-8.381216499156076694e+00
-9.192987108233280580e+00
-9.897365542594693366e+00
-1.045598605129650593e+01
-1.082081487229089234e+01
-1.093134272855309597e+01
-1.071075846219997452e+01
-1.006084989229166915e+01
-8.855150191323692965e+00
-6.929763212624570734e+00
-4.071186372112894247e+00
0.000000000000000000e+00
0.000000000000000000e+00
1.700594908863587884e+00
2.832265847906978440e+00
3.520578839733609300e+00
3.861060043160840838e+00
3.926713703226758501e+00
3.773580989290727050e+00
3.444923886138559599e+00
2.974352997376229268e+00
2.388224208413710414e+00
1.707484819594259129e+00
9.490606368403974313e-01
1.269180460755080508e-01
-7.470632972747610623e-01
-1.662327873004847190e+00
-2.608923151854987132e+00
-3.576880004644136690e+00
-4.555604765132594380e+00
-5.533220379949702838e+00
-6.495879780760493993e+00
-7.426996597639987208e+00
-8.306406960862508626e+00
-9.109334122924888533e+00
-9.805143863581452734e+00
-1.035576223769623994e+01
-1.071362032583878765e+01
-1.081891429873171440e+01
-1.059590697165180906e+01
-9.947966525994523579e+00
-8.750908868377923255e+00
-6.844021765185543060e+00
-4.018193700101732269e+00
0.000000000000000000e+00
0.000000000000000000e+00
1.632902788472070821e+00
2.724778479446321455e+00
3.393110594568528260e+00
3.727452311177429145e+00
3.796486234258460435e+00
3.653209482185177492e+00
3.338780354255993732e+00
2.885393235990946437e+00
2.318476108921439405e+00
1.658380777961670383e+00
9.216582972231199822e-01
1.220552523296567077e-01
-7.286896909988896942e-01
-1.620100446051480736e+00
-2.542280908481592938e+00
-3.485310674614787718e+00
-4.438635994937150997e+00
-5.390439070033577806e+00
-6.326940396759457741e+00
-7.231680186241074004e+00
-8.084685920190425534e+00
-8.861513794701517455e+00
-9.532066908961878582e+00
-1.005913661263707226e+01
-1.039650528556257747e+01
-1.048646358216169183e+01
-1.025642964178007865e+01
-9.614427626078716926e+00
-8.442971462381946068e+00
-6.590775504819704977e+00
-3.861712647223255690e+00
0.000000000000000000e+00
0.000000000000000000e+00
1.523653465768037618e+00
2.551356849238670232e+00
3.187473113576166917e+00
3.511888374689379866e+00
3.586330219570595279e+00
3.458894472283130295e+00
3.167366707830004735e+00
2.741681547742278457e+00
2.205790155460500390e+00
1.579096006560319898e+00
8.775567964584456426e-01
1.145451155197651366e-01
-6.984247967772887478e-01
-1.551026789782565141e+00
-2.433467667253367051e+00
-3.335914430099863548e+00
-4.247912635161829265e+00
-5.157749486073031520e+00
-6.051799178700366433e+00
-6.913809987571277738e+00
-7.724154205207025115e+00
-8.458929527381572555e+00
-9.088912561889701536e+00
-9.578271473642514522e+00
-9.882954223632280488e+00
-9.948589222554817368e+00
-9.707638206409868076e+00
-9.075574512054005893e+00
-7.945677029051312346e+00
-6.181861369214799673e+00
-3.609034886547973109e+00
0.000000000000000000e+00
0.000000000000000000e+00
1.378068836954303045e+00
2.320353153098098531e+00
2.913573878076145984e+00
3.224705075822988931e+00
3.306214025490779918e+00
3.199716857953002425e+00
2.938564244860907060e+00
2.549733339563236001e+00
2.055246533844382384e+00
1.473267770823299516e+00
8.189606624835772397e-01
1.052017049212954775e-01
-6.568291289026180202e-01
-1.457020240733446936e+00
-2.285758759696501219e+00
-3.133369769903893598e+00
-3.989569081153294228e+00
-4.842841147444329586e+00
-5.679797927711437211e+00
-6.484527141612564272e+00
-7.237892525022171952e+00
-7.916753622726329986e+00
-8.493054058473559209e+00
-8.932783573838298352e+00
-9.194724396553414891e+00
-9.228871135100414236e+00
-8.974289817312293138e+00
-8.356257117027162451e+00
-7.282281965400803081e+00
-5.636524148729471051e+00
-3.272025467358209649e+00
0.000000000000000000e+00
0.000000000000000000e+00
1.203198025753976941e+00
2.043005904508489845e+00
2.584712497000121623e+00
2.879712567339944407e+00
2.969406908974103310e+00
2.887719810640478890e+00
2.662786520091261711e+00
2.318123055644989439e+00
1.873498591116293577e+00
1.345611118768731629e+00
7.486882011412059335e-01
9.497792239662940228e-02
-6.047644323440966030e-01
-1.340753257625260986e+00
-2.103646327633558855e+00
-2.884036210371866193e+00
-3.671908431724914212e+00
-4.456059801586536473e+00
-5.223478120793967783e+00
-5.958735670297948595e+00
-6.643369467587440624e+00
-7.255205816488937032e+00
-7.767618855899903529e+00
-8.148772335927882082e+00
-8.360784174106761668e+00
-8.358754510733891863e+00
-8.089480623788722014e+00
-7.489778783308335797e+00
-6.484058962653712399e+00
-4.980702283396378327e+00
-2.866715080531068605e+00
0.000000000000000000e+00
0.000000000000000000e+00
1.007657392301299248e+00
1.733006069001090665e+00
2.217004542237422715e+00
2.493567903651996431e+00
2.591821231040973394e+00
2.537270280094203301e+00
2.352390562909893124e+00
2.056966675331603156e+00
1.668330225972629588e+00
1.201592142940873797e+00
6.699189701688005316e-01
8.482641211757965816e-02
-5.434800623973227163e-01
-1.205654693802573618e+00
-1.892758880488444762e+00
-2.595781891699396660e+00
-3.305124844226482228e+00
-4.010046209712643694e+00
-4.698078563054939316e+00
-5.354472747163111279e+00
-5.961640981062499733e+00
-6.498587656343842056e+00
-6.940352584106788569e+00
-7.257532451712989996e+00
-7.415888457430610536e+00
-7.376031655144137389e+00
-7.093106461648002181e+00
-6.516457498220693978e+00
-5.589018106516435047e+00
-4.246054477651290959e+00
-2.412736277576161381e+00
0.000000000000000000e+00
0.000000000000000000e+00
8.013142529936898573e-01
1.405935711909435559e+00
1.828672631543557303e+00
2.084964152773719714e+00
2.191194006966586727e+00
2.164263772059957347e+00
2.020954131952826582e+00
1.777298316241761489e+00
1.448171604874972207e+00
1.047037022926645689e+00
5.859285666272427973e-01
7.550868813972978766e-02
-4.746865967835136035e-01
-1.055904111496703823e+00
-1.659755551236858695e+00
-2.277791455845388224e+00
-2.901002033211552700e+00
-3.519299612739283045e+00
-4.120975472354849067e+00
-4.692182600702197171e+00
-5.216444662774814667e+00
-5.674175721132147743e+00
-6.042293278689738756e+00
-6.294002786777778802e+00
-6.398837186810278688e+00
-6.322978397107604565e+00
-6.029965645739139291e+00
-5.481784900797610938e+00
-4.640304499763105994e+00
-3.468734810186128836e+00
-1.932635597945193018e+00
0.000000000000000000e+00
0.000000000000000000e+00
5.949221436068621305e-01
1.078617617794891403e+00
1.439185698248942158e+00
1.673671996131408379e+00
1.786091990615454650e+00
1.785205881466020994e+00
1.682461767074168613e+00
1.490399118139018597e+00
1.221545182796777818e+00
8.877379331773010973e-01
4.997989479812760538e-01
6.743885567445126461e-02
-4.006268465396291556e-01
-8.963932689990475877e-01
-1.412203116801084457e+00
-1.940343951131660027e+00
-2.472599937289950311e+00
-2.999761127235184510e+00
-3.511114685935006641e+00
-3.993980891781064635e+00
-4.433258067390585033e+00
-4.811027621365727924e+00
-5.106302773785159843e+00
-5.295029579150056342e+00
-5.350473464726573702e+00
-5.244153022023652966e+00
-4.947452419271844093e+00
-4.434203859333171849e+00
-3.684244702874731825e+00
-2.687919985855695693e+00
-1.451058824189021434e+00
0.000000000000000000e+00
0.000000000000000000e+00
3.997051162557817006e-01
7.683510992572566423e-01
1.068258468769991865e+00
1.279412961423265882e+00
1.394817099893357115e+00
1.416193675333893731e+00
1.350450744996400720e+00
1.207101185043548019e+00
9.965550667777913763e-01
7.290660992235539206e-01
4.141884312893294728e-01
6.055412136716029764e-02
-3.240940020499892271e-01
-7.326755873710277811e-01
-1.158440784662010614e+00
-1.594612386348437605e+00
-2.033974869953289577e+00
-2.468419926072363157e+00
-2.888495200126961038e+00
-3.282964821356055385e+00
-3.638397160474580172e+00
-3.938834062970437699e+00
-4.165624477326524300e+00
-4.297570119418943513e+00
-4.311565958375638274e+00
-4.183958124227706854e+00
-3.892955731843493528e+00
-3.422512832272211813e+00
-2.768032059436791759e+00
-1.944066802581225106e+00
-9.938094996123493230e-01
0.000000000000000000e+00
0.000000000000000000e+00
2.268541826422625085e-01
4.919799286084682310e-01
7.346451786672574258e-01
9.205822956066321838e-01
1.034176165861327545e+00
1.071872980712138990e+00
1.037165912953107894e+00
9.371703202703337565e-01
7.804499493165513169e-01
5.757210978830298309e-01
3.311954195385995448e-01
5.428745428898568842e-02
-2.483958517209638450e-01
-5.708639355503232204e-01
-9.074510987431491094e-01
-1.252483710414183715e+00
-1.599937588686330736e+00
-1.943022292940798534e+00
-2.273781481937991789e+00
-2.582700401048031225e+00
-2.858323762078168961e+00
-3.086969655980448479e+00
-3.252600122569327734e+00
-3.337032104786205267e+00
-3.320665423311200737e+00
-3.184081354347342518e+00
-2.910940371235620994e+00
-2.492859225999974004e+00
-1.936965835914355782e+00
-1.276793162873179011e+00
-5.867412115565370234e-01
0.000000000000000000e+00
0.000000000000000000e+00
8.688203343810951829e-02
2.647368663665617960e-01
4.546979760406693605e-01
6.127767543352139468e-01
7.182042662877938799e-01
7.644312709969717234e-01
7.528638903866389231e-01
6.888721088035895113e-01
5.794112935095335759e-01
4.316698389336682817e-01
2.524037832405261472e-01
4.766733688071735087e-02
-1.772180270703876959e-01
-4.174921074465921533e-01
-6.686994824722587438e-01
-9.264090200380767914e-01
-1.185918811963197816e+00
-1.441911765752694752e+00
-1.688117345218762777e+00
-1.916965613242137545e+00
-2.119259083247791775e+00
-2.283897289964543997e+00
-2.397770230905914346e+00
-2.445917146679309262e+00
-2.412226603229036481e+00
-2.280983679660855135e+00
-2.039872462395762920e+00
-1.685283611818065408e+00
-1.231081174821785806e+00
-7.222083502000722355e-01
-2.542791869658074799e-01
0.000000000000000000e+00
0.000000000000000000e+00
-1.118113935595944214e-02
9.868645086034467939e-02
2.405520670472982292e-01
3.671682198296837285e-01
4.569370012677387849e-01
5.028328079736467116e-01
5.054360343142618728e-01
4.688934219768297051e-01
3.986684815662026038e-01
3.003586838430599149e-01
1.791487791536474916e-01
3.959558035267134873e-02
-1.143679796405114857e-01
-2.792890685066690137e-01
-4.519806853033445648e-01
-6.293006765273747583e-01
-8.079182054768957455e-01
-9.840475171644151864e-01
-1.153187667912544123e+00
-1.309847324688428127e+00
-1.447262048704674120e+00
-1.557159843544132505e+00
-1.629629137228227664e+00
-1.653203737698576203e+00
-1.615373301321704869e+00
-1.503855575257668553e+00
-1.309211481507055241e+00
-1.029850138009604121e+00
-6.809029101733203859e-01
-3.092626139237021898e-01
-1.748832337196220069e-02
0.000000000000000000e+00
0.000000000000000000e+00
-6.123546335438206922e-02
3.633579115370495880e-04
9.782384112323791459e-02
1.888117395221261263e-01
2.554912449880741288e-01
2.925496292443742208e-01
3.006054741599075708e-01
2.828008993150995520e-01
2.430753496459172602e-01
1.853291857475339588e-01
1.130810893742951045e-01
2.933887097399048502e-02
-6.337082749322411890e-02
-1.628767498328877461e-01
-2.672097174146829679e-01
-3.744430809628677137e-01
-4.825445802979337340e-01
-5.891847981981749305e-01
-6.915700514022121714e-01
-7.862436889109737370e-01
-8.688847610626917461e-01
-9.341142696672211088e-01
-9.753596639780093280e-01
-9.848457809035362498e-01
-9.538778090957629185e-01
-8.736499588593273913e-01
-7.370989122482437539e-01
-5.427559920430803375e-01
-3.022448962369163050e-01
-5.442324778514603251e-02
1.092518969749635138e-01
0.000000000000000000e+00
0.000000000000000000e+00
-6.319157950994257200e-02
-3.282024773840560433e-02
2.287966091289313220e-02
7.533724461659328797e-02
1.140052739308635571e-01
1.363156160641475212e-01
1.430685899242026826e-01
1.362935586849825798e-01
1.183005015179291880e-01
9.125825513470596506e-02
5.704954423978254863e-02
1.723150863793992960e-02
-2.693104450941380748e-02
-7.438390039230077799e-02
-1.241853952265939004e-01
-1.754294528929727370e-01
-2.271543191501552428e-01
-2.782520342780834266e-01
-3.273774154118003210e-01
-3.728490827553332387e-01
-4.125175098736841295e-01
-4.436579033384734361e-01
-4.628477644489353837e-01
-4.659247216447444107e-01
-4.480700570554053686e-01
-4.041512203272275561e-01
-3.296423848232317155e-01
-2.227697101132174451e-01
-8.930396475842884707e-02
4.739968045830021681e-02
1.253046203215202048e-01
0.000000000000000000e+00
0.000000000000000000e+00
-2.891927790857417788e-02
-1.908565523388291649e-02
-4.291592318811311333e-04
1.671555893806482909e-02
2.918003150830607295e-02
3.641296471373810240e-02
3.890069223986451774e-02
3.740912141692723930e-02
3.271363639802844087e-02
2.549718692312720816e-02
1.632681930021190331e-02
5.652693194833273080e-03
-6.178599002567920599e-03
-1.888861704098000055e-02
-3.223620341071223999e-02
-4.598687875451040741e-02
-5.989544384981319164e-02
-7.366984204409175729e-02
-8.695581927290926827e-02
-9.930566301088621095e-02
-1.101399359952498769e-01
-1.186967522014693022e-01
-1.239906011115405327e-01
-1.247792142344637117e-01
-1.195622252610708536e-01
-1.066481252246649081e-01
-8.433850766420758482e-02
-5.159874671419339975e-02
-9.776025750011711410e-03
3.420820188072835888e-02
5.747601537156175888e-02
0.000000000000000000e+00
0.000000000000000000e+00
0.000000000000000000e+00
0.000000000000000000e+00
0.000000000000000000e+00
0.000000000000000000e+00
0.000000000000000000e+00
0.000000000000000000e+00
0.000000000000000000e+00
0.000000000000000000e+00
0.000000000000000000e+00
0.000000000000000000e+00
0.000000000000000000e+00
0.000000000000000000e+00
0.000000000000000000e+00
0.000000000000000000e+00
0.000000000000000000e+00
0.000000000000000000e+00
0.000000000000000000e+00
0.000000000000000000e+00
0.000000000000000000e+00
0.000000000000000000e+00
0.000000000000000000e+00
0.000000000000000000e+00
0.000000000000000000e+00
0.000000000000000000e+00
0.000000000000000000e+00
0.000000000000000000e+00
0.000000000000000000e+00
0.000000000000000000e+00
0.000000000000000000e+00
0.000000000000000000e+00
0.000000000000000000e+00
0.000000000000000000e+00
