-3.768462768151077569e+01
-3.803261778534453441e+01
-3.778759130645433117e+01
-3.638233162152884148e+01
-3.385270330488632595e+01
-3.043989429399624314e+01
-2.668520927988098634e+01
-2.316742341762074986e+01
-2.027892744189526297e+01
-1.804912329273455285e+01
-1.619281472038866099e+01
-1.444043109705173755e+01
-1.273048371864758899e+01
-1.116878530913712098e+01
-9.921047588043505172e+00
-8.925348371854067153e+00
-8.661220743906204333e+00
-7.899714739250614848e+00
-5.642547470701702927e+00
2.124521885952683764e+00
9.469040279954855421e+00
1.454330052868484735e+01
2.252752737343940836e+01
3.138282497618103406e+01
3.722635608598519497e+01
4.066365411273155672e+01
4.422714512678156495e+01
4.959984195796792505e+01
5.768850697424240082e+01
6.695955180407064233e+01
7.393766410073709494e+01
7.619004946986129312e+01
7.469638809356351317e+01
-3.722557898770554630e+01
-3.750907582658823713e+01
-3.706309875482733673e+01
-3.563668988722637465e+01
-3.329474402347862139e+01
-3.032953066396503772e+01
-2.706652534002174804e+01
-2.390293926892210763e+01
-2.116025439095640337e+01
-1.882995896536826308e+01
-1.678596213410188653e+01
-1.494124240628289968e+01
-1.323446528060115313e+01
-1.169546140947285906e+01
-1.039431381565554879e+01
-9.374198869444004600e+00
-8.579160128427622212e+00
-6.866221426939811856e+00
-5.128221426414420137e+00
2.146624249413263019e+00
9.352844921955590252e+00
1.562743052166689495e+01
2.359657652736666122e+01
3.169765675435949959e+01
3.754741242508781340e+01
4.211195523595927881e+01
4.595374823780359463e+01
5.133691477405292858e+01
5.876742723846198402e+01
6.632098766481091445e+01
7.193414596038138598e+01
7.447332816542100886e+01
7.315325817205888370e+01
-3.751954204613014099e+01
-3.785294529784778206e+01
-3.707328596215285188e+01
-3.543949628960931619e+01
-3.338057684565074368e+01
-3.063222734525043478e+01
-2.735809035069907580e+01
-2.423840230882276359e+01
-2.145692822947603062e+01
-1.906738445784176506e+01
-1.715088823621359992e+01
-1.537326685219108313e+01
-1.358685085340658105e+01
-1.196339479279340523e+01
-1.060451093696323710e+01
-9.520672534864754510e+00
-8.596378484990284008e+00
-7.821621731641431374e+00
-8.819615492047704564e+00
0.000000000000000000e+00
1.995309472374820814e+01
1.639693556603062063e+01
2.649689088197583331e+01
3.295534344937321691e+01
4.098693538297412431e+01
4.297157978757295638e+01
4.733462124092785217e+01
5.349812493578600936e+01
6.013808590322057768e+01
6.690525534617364656e+01
7.350199854190235271e+01
7.670155295625606584e+01
7.525071918176504937e+01
-3.916620562551866414e+01
-3.879555924250104226e+01
-3.776411271097863676e+01
-3.717377133163356717e+01
-3.516196286678592742e+01
-3.123166472913087333e+01
-2.743588466155220118e+01
-2.405376801685983779e+01
-2.121906679057043732e+01
-1.957875233482166522e+01
-1.796078327766157656e+01
-1.574116465606955018e+01
-1.371921114790345797e+01
-1.198382367448040853e+01
-1.052122184586527531e+01
-9.430600852751579666e+00
-8.671283940476905983e+00
-8.447109104084438158e+00
-8.131126323791715294e+00
-1.627635322112498883e+01
0.000000000000000000e+00
6.358885162615662168e+00
0.000000000000000000e+00
5.400253364161557812e+01
3.914703320654953700e+01
4.652557869640106958e+01
4.648843784612536467e+01
4.762666499667768250e+01
5.239258694025229346e+01
6.907886342647455535e+01
7.969569446018951453e+01
8.241991044906629327e+01
8.345391233310687085e+01
-4.133268187641065339e+01
-4.022589882209815926e+01
-4.008308995090841620e+01
-3.810283781905545908e+01
-3.279856958780460019e+01
-3.118589975745381793e+01
-2.794255522354408328e+01
-2.289358788123747601e+01
-2.070285873423597778e+01
-1.907303175339555068e+01
-1.623095850943239782e+01
-1.542827587564225666e+01
-1.405574082060534202e+01
-1.158269193893752025e+01
-1.003319451986810940e+01
-9.056041715120827007e+00
-8.379103578332985691e+00
-7.992752057202394234e+00
-8.484132652848259681e+00
-7.381370771970662048e+00
-6.076397384117480982e+00
-4.519125597857575727e+00
-1.559373963569068522e+01
0.000000000000000000e+00
7.038406337096289178e+01
4.203649088358489649e+01
4.158161782729534650e+01
4.542963560567057613e+01
6.999807207086993799e+01
9.177201140775137844e+01
8.475146561301892234e+01
9.333172851371759293e+01
9.503007586477359325e+01
-4.369187063837547669e+01
-4.226257670190529581e+01
-4.186133235056982471e+01
-3.688056196717225532e+01
-4.685976613787832434e+01
-4.837135538094490528e+01
-2.552601566823229007e+01
-1.870157923035120007e+01
-1.904019358461492573e+01
-1.713674658705043541e+01
-2.225405081795474516e+01
-2.441533126752550231e+01
-1.356034449321296442e+01
-9.817733103748203405e+00
-9.226187978308811211e+00
-8.414155578642995792e+00
-7.706219612326264290e+00
-7.293976426531707524e+00
-6.965438833137317154e+00
-6.608804043789543670e+00
-5.923259307471504975e+00
-6.537938657036127310e+00
-6.326371251918680549e+00
-2.133587676213933548e+01
0.000000000000000000e+00
4.415894990846056345e+01
3.660613896784550292e+01
3.489180931494831839e+01
0.000000000000000000e+00
0.000000000000000000e+00
1.257147990785994693e+02
9.558897065689669148e+01
1.035573292723120176e+02
-4.532159958153522439e+01
-4.385803025407336975e+01
-4.250860838279696452e+01
-4.077937005828382411e+01
-5.479247169103458504e+01
0.000000000000000000e+00
0.000000000000000000e+00
-1.412201677256862808e+01
-1.695041919714866907e+01
-1.744066902882195791e+01
-2.457261391409262785e+01
0.000000000000000000e+00
0.000000000000000000e+00
-7.904756372114796648e+00
-8.639143261286085007e+00
-7.653310183696129698e+00
-6.675712983717733806e+00
-6.273141970888793217e+00
-6.010512455618148842e+00
-5.716281425424361018e+00
-5.404090940658598186e+00
-5.070832701002071730e+00
-5.741038418909104379e+00
-2.962869581079007109e+00
8.842401642589777566e+00
2.702725992231883367e+01
2.416237998395463649e+01
2.671141894813956696e+01
4.443734014817709976e+01
1.011680495404110331e+02
1.076015017781251260e+02
8.897579519680967053e+01
1.071378189215620580e+02
-4.630228844992659987e+01
-4.665910397096657647e+01
-4.441917336423528440e+01
-4.169290064795982431e+01
-3.543840404168264513e+01
-3.310976688802598034e+01
-1.814820588163838266e+01
-1.469189936448977818e+01
-1.576272851820684551e+01
-1.676952278595068080e+01
-1.546085353771275450e+01
-1.549103299824588831e+01
-1.027545843251302138e+01
-1.231846878960350899e+01
-1.030821420014910927e+01
-5.904680826225190415e+00
-5.429798184826174712e+00
-5.031503824857583851e+00
-5.087481593460011275e+00
-4.981818517157404536e+00
-4.595546665667376018e+00
-3.941198427521874326e+00
-2.424751186551858950e+00
1.167350627157824894e+00
7.124130725444666190e+00
1.398000895722463532e+01
1.712127402607249138e+01
4.712995528769022968e+01
8.209893520999983707e+01
7.584148062474619678e+01
8.183680951730084985e+01
9.170906805079525270e+01
1.017159289709067167e+02
-5.140017607155001400e+01
-4.934569665163772356e+01
-4.308579692091298341e+01
-3.992894724695682385e+01
-3.363253381331134051e+01
-2.421207361874260400e+01
-1.706227835993195541e+01
-1.612750078071043802e+01
-1.572339249327943911e+01
-1.521898365378866202e+01
-1.470956468935621508e+01
-1.305023844102110075e+01
-1.131760978586321187e+01
-1.488565337711093051e+01
0.000000000000000000e+00
-4.468372647904661932e+00
-2.389566513478599941e+00
-3.584049562543119904e+00
-4.438225723240333487e+00
-4.508035127268989584e+00
-4.093779090540146548e+00
-3.167683136343491412e+00
-1.451493540961551254e+00
1.342246389140899998e+00
4.919905262119862677e+00
8.793779177572760730e+00
6.875128758767855564e-01
0.000000000000000000e+00
0.000000000000000000e+00
1.055104390729771069e+02
8.097697682839385891e+01
8.684139438653896548e+01
9.034882196180174674e+01
-6.082493324127348444e+01
-4.862905445192245679e+01
-5.824565425952999220e+01
-5.049973751030664459e+01
-2.543543611692730622e+01
-2.081184030380186556e+01
-1.804704441961920480e+01
-1.612903568858158465e+01
-1.488872580962919656e+01
-1.438689594684519513e+01
-1.381167776072953224e+01
-1.313352013749699054e+01
-1.308536060014950841e+01
-1.223064829760478034e+01
-1.914395815475569407e+01
0.000000000000000000e+00
0.000000000000000000e+00
-3.281065394537535429e+00
-4.522037642090786846e+00
-4.426720989176760490e+00
-4.052367875520008766e+00
-3.169564214111792566e+00
-1.695044815162578988e+00
4.866349732306293197e-01
3.234375064599491090e+00
5.707557393165568094e+00
8.274340829130579777e+00
9.164624050494422747e+00
5.703357864806503841e+01
7.927460521507180147e+01
6.621871557960189136e+01
7.836556905329877054e+01
8.243854749768367185e+01
-6.294267160310062081e+01
-5.030252559731224693e+01
-8.101744713931361730e+01
0.000000000000000000e+00
-1.371878494867120502e+01
-1.579798303695610073e+01
-1.512168994980132197e+01
-1.440283617695988561e+01
-1.398338806215874719e+01
-1.363124316869471464e+01
-1.323579812261301036e+01
-1.289315306851176679e+01
-1.252865343974569790e+01
-1.274878387688260872e+01
-1.097407628866987928e+01
-1.111313860110642793e+01
-1.000866507298457186e+01
-5.444117000390987116e+00
-4.900488522111185574e+00
-4.740113158618053824e+00
-4.482244937509445748e+00
-3.798077278368343634e+00
-2.720452654171019891e+00
-8.680209528961350118e-01
1.419348092167248332e+00
5.251803439522645611e+00
9.452623593595724572e+00
2.261827840757020169e+01
4.512315439811349904e+01
5.452564465133961846e+01
6.317160075573192302e+01
6.953483463939822684e+01
7.225738694164567733e+01
-5.260449544241192399e+01
-6.744063896422490245e+01
-6.754099418684843670e+01
0.000000000000000000e+00
-4.924187296153820448e+00
-1.168648504988526682e+01
-1.268587741871277608e+01
-1.302742979934610901e+01
-1.296104725392075174e+01
-1.280384387889988318e+01
-1.265253551001961796e+01
-1.246707290706203253e+01
-1.229718105735199174e+01
-1.178077329462866096e+01
-1.123336605906875540e+01
-9.863691222687052118e+00
-6.891207201222567136e+00
-5.539399073213814972e+00
-5.278114285462380373e+00
-5.279479767691260150e+00
-5.287825341129988921e+00
-4.936257983552900797e+00
-4.254467834461514997e+00
-2.879998441610124083e+00
-2.022420336586123302e+00
2.451219044225682708e+00
9.684374635074721738e+00
4.400573315082024806e+01
6.620613117356832333e+01
5.374713531627574525e+01
5.725583137134336909e+01
5.746971159140149865e+01
6.254196853220795305e+01
-5.519972300433564527e+01
-7.971945958142963207e+01
0.000000000000000000e+00
-1.380181297155937159e+01
-9.257813767057623267e+00
-1.057343810079554380e+01
-1.107560751483993577e+01
-1.169434109640047481e+01
-1.190316489826916779e+01
-1.205773841120410239e+01
-1.213390799908011886e+01
-1.211437450708996444e+01
-1.200584912555457606e+01
-1.163335863150281746e+01
-1.134679057102104416e+01
-9.363076523525856842e+00
-8.039989311255563820e+00
-4.457511770392819095e+00
-4.735662741236616569e+00
-5.968256000966361441e+00
-6.512829913155099071e+00
-6.435192508551173418e+00
-6.135581642454880580e+00
-5.668930438422352225e+00
-5.899869432017093906e+00
-1.864583423244445592e+00
-1.280843235125410651e+01
0.000000000000000000e+00
0.000000000000000000e+00
6.152650016974138936e+01
4.210283694048800385e+01
4.574905820737429707e+01
5.088603146797601795e+01
-4.519197526420046529e+01
-4.581458669763044611e+01
0.000000000000000000e+00
-5.083063702883507062e+00
-7.711390565889077564e+00
-9.409076375426018046e+00
-1.008552625346531251e+01
-1.066361318654565338e+01
-1.102969272483960594e+01
-1.132582500519277069e+01
-1.152244212898413878e+01
-1.176238524134786800e+01
-1.193847639853908760e+01
-1.185895067591239105e+01
-1.174300407446799888e+01
-9.808218989238657315e+00
-1.303891028641045757e+01
0.000000000000000000e+00
-4.329987582676712243e+00
-8.081340006318226798e+00
-8.064742774503256939e+00
-8.155694367790971455e+00
-8.181513052404245201e+00
-8.396171067373517261e+00
-8.964218618889095325e+00
-1.054212984145457099e+01
-2.809288429349044947e+01
0.000000000000000000e+00
1.236290359944704242e+01
2.987753711933120471e+01
2.533065192253495113e+01
3.298899920642695349e+01
3.437563718447595562e+01
-2.489257981757178584e+01
-2.217901580016576091e+01
-1.673284810509736076e+01
-9.614759724821301035e+00
-9.041315255983327859e+00
-8.975309372986799872e+00
-9.286382959254808611e+00
-9.692211788539257356e+00
-1.006702614427170417e+01
-1.056221716389282506e+01
-1.134340204635044991e+01
-1.203032339386843219e+01
-1.213982063784776777e+01
-1.218914162090290709e+01
-1.228337981495196729e+01
-1.239020075296533285e+01
-1.655877800807023803e+01
0.000000000000000000e+00
-1.409622988146408673e+01
-1.013661563779966457e+01
-9.816156377701352298e+00
-9.957545145410946930e+00
-1.010600495987400116e+01
-1.054979380753274043e+01
-1.151384803950192470e+01
-1.434596198929169475e+01
-1.645854015603819320e+01
-2.284992547523721029e+01
-2.387364161548619190e+00
8.943825842618196020e+00
1.516766387855903631e+01
1.844224820052394875e+01
1.749884761340012318e+01
-1.394750368923409667e+01
-1.442136459644172142e+01
-1.153577347835848244e+01
-8.559549909771227760e+00
-8.336360085732042791e+00
-8.204891438201649123e+00
-8.438455852779929600e+00
-8.704999599168454338e+00
-9.307805688298511626e+00
-1.020361189093698506e+01
-1.079079565534862617e+01
-1.048176950021453813e+01
-1.132142616164348681e+01
-1.288864975007144409e+01
-1.310287628820838890e+01
-1.362530687869706725e+01
-1.410737836905129861e+01
-2.053914139964003027e+01
-1.624458638776473052e+01
-1.101606133088788830e+01
-1.178842885792898088e+01
-1.156855232884415763e+01
-1.177177323865636538e+01
-1.223538006705660663e+01
-1.303833224318390016e+01
-1.391988204915676697e+01
-1.461435173823572775e+01
-1.026662831062816394e+01
-3.308988855329987544e+00
7.604975244703944259e-01
4.406245110865944170e+00
5.245088088192147779e+00
4.130367449304995553e+00
-7.972884492632522857e+00
-8.013966775598406755e+00
-7.569249876835014490e+00
-7.294479173133521677e+00
-7.399123507791117049e+00
-7.476401321385059973e+00
-7.503104482381770524e+00
-7.672749062633341666e+00
-7.918357504765341837e+00
-8.217914666770083087e+00
-9.645124377801472804e+00
-1.337424890563961810e+01
-1.813843546975983045e+01
-1.505830753067550631e+01
-1.245513520657603301e+01
-1.384427672893840011e+01
-1.448452330382722408e+01
-1.401861923240737617e+01
-1.243498922230329562e+01
-1.306586843079808347e+01
-1.313192917206317212e+01
-1.289410522647692225e+01
-1.322888235327708806e+01
-1.361607754682820115e+01
-1.406602623364377180e+01
-1.437613994105166704e+01
-1.380190726405975354e+01
-1.207627221159770770e+01
-9.682847297429749034e+00
-6.640734236353563524e+00
-4.673449180172601025e+00
-4.706943785089404031e+00
-6.535250928211657317e+00
-8.236613446157182716e-01
-2.819364537972391727e+00
-3.680696578897905358e+00
-5.459319385014738124e+00
-6.529544343593786770e+00
-6.709186499495762845e+00
-6.554929976971763494e+00
-6.243944375011960091e+00
-5.766407033512593650e+00
-8.735691636973898611e+00
-1.377444890244660769e+01
-1.178373858521268680e+01
0.000000000000000000e+00
0.000000000000000000e+00
-1.642715070764483443e+01
-1.286452896125904566e+01
-1.392165848412519047e+01
-1.372269208702592458e+01
-1.402060175946771814e+01
-1.401590729977892735e+01
-1.384070600209471102e+01
-1.415267492321683740e+01
-1.453185654278231631e+01
-1.489272240909157574e+01
-1.524566714373687049e+01
-1.538102248094084601e+01
-1.510309605388760090e+01
-1.429046110833088790e+01
-1.300068279114841552e+01
-1.190495182646251671e+01
-1.178047922752662124e+01
-1.279688075126721358e+01
-1.522498203229916847e+01
-1.737146133447243779e+00
4.522395419516331394e+00
4.459156137937076436e-01
-2.452194433798375428e+00
-3.968333705521818633e+00
-6.514823866514342754e+00
-6.276849282446669953e+00
-4.268681640757215234e+00
-2.981937087413738308e+00
-3.247195565045045917e+00
0.000000000000000000e+00
-1.481114668168090276e+01
-3.066000200234406670e+00
-8.681018978054761970e-01
0.000000000000000000e+00
-1.646261256893639668e+01
-1.319160904171636162e+01
-1.312283856559817430e+01
-1.367438329276839859e+01
-1.417761842436041952e+01
-1.478728856131139047e+01
-1.532390647867996059e+01
-1.575833865123726518e+01
-1.620178227641366675e+01
-1.659720497678328499e+01
-1.687020767255667408e+01
-1.695879384060981820e+01
-1.685716793552375847e+01
-1.674530420353099913e+01
-1.694269361839636900e+01
-1.773792834756970649e+01
-1.943356932596456943e+01
-2.219443627760766802e+01
3.771405105842732297e+01
1.925371140535932213e+01
9.884042801484520524e-01
-1.043857052656717910e+00
-1.178486857424911349e+01
-1.495827703847409218e+01
-5.060267001075091642e+00
-1.671197109253188096e+00
3.592645628071687858e-01
2.805779799951968911e+00
1.579444756457569277e+01
0.000000000000000000e+00
-1.156715558582469106e+00
3.023627786265796757e+00
0.000000000000000000e+00
-1.759404119290856983e+01
-9.939765717003350431e+00
-1.239002811833984374e+01
-1.360675651476408987e+01
-1.483200626022704327e+01
-1.577294958587114060e+01
-1.644721755843880118e+01
-1.701533393972985309e+01
-1.755388470663796241e+01
-1.806651662877699493e+01
-1.855653152912432446e+01
-1.902237707994844840e+01
-1.951269148112084295e+01
-2.015232070937429043e+01
-2.112764779464536602e+01
-2.266619437140330007e+01
-2.496701282082876361e+01
-2.811552653908118060e+01
8.628539314245561798e+01
0.000000000000000000e+00
-1.291168461019757174e+01
7.597609516933118812e+00
0.000000000000000000e+00
0.000000000000000000e+00
-1.196269879713401485e+00
2.615652074273644434e+00
3.301886348439717178e+00
5.386711857067005838e+00
5.787427943032441569e+00
6.866651162671130848e+00
2.591122447894622649e+00
6.373040691248486045e-01
-3.173268342462450153e+00
-7.608666452218777465e+00
-7.679515062437225481e+00
-1.158917944292474189e+01
-1.350575931291682252e+01
-1.568109499572431353e+01
-1.698995544363048182e+01
-1.769328710887308986e+01
-1.831228999069154284e+01
-1.891178627989791394e+01
-1.956158651480077282e+01
-2.027639982359172421e+01
-2.107912461414841232e+01
-2.202649780875445629e+01
-2.321585982983285490e+01
-2.478266153580035791e+01
-2.687834040654952261e+01
-2.963531393480048237e+01
-3.315270470727082852e+01
6.444440470651181840e+01
9.380895432779406917e+01
0.000000000000000000e+00
1.236488575383879684e+01
2.589691882491185382e+01
2.450953263865890008e+01
9.249273066499673845e+00
6.685191943979775786e+00
5.628372418597974658e+00
5.583429125058310127e+00
5.584424234166281309e+00
4.369414516642303070e+00
2.076893239000053182e+00
3.512389290503792338e-01
-1.899261188603738937e+00
-4.323660530602910335e+00
-5.468345868362154860e+00
-7.878682770437818839e+00
-1.377562495218647953e+01
-1.818205973947319620e+01
-1.844872595284464367e+01
-1.909648800690619197e+01
-1.957741298195502111e+01
-2.021993761659316036e+01
-2.099621597145349483e+01
-2.191262278589569945e+01
-2.299859342693978093e+01
-2.430479808679320897e+01
-2.590768919158680461e+01
-2.790453966672621888e+01
-3.040585193141930986e+01
-3.352260140633612906e+01
-3.736817468084070981e+01
5.844495429202228109e+01
4.636258121240884122e+01
4.028182554880598332e+01
2.920166315607817964e+01
2.060875751144430268e+01
1.482425155922112125e+01
1.125909154934382350e+01
9.474917652216273467e+00
7.295627919898112879e+00
6.277219058338585178e+00
5.402618343487343822e+00
4.286450602214899597e+00
2.956517157079145530e+00
1.083940900601177537e+00
-1.088909689525717983e+00
-2.826857301919380117e+00
1.087200139008111410e+00
0.000000000000000000e+00
-2.767586792437013088e+01
-1.925201128553567997e+01
-2.083513857881118625e+01
-2.030711892674732155e+01
-2.071099434220158386e+01
-2.139987764704494566e+01
-2.229048750266076340e+01
-2.338455339077142980e+01
-2.470250736005763059e+01
-2.629016805147208657e+01
-2.820664128968851969e+01
-3.052181241198656281e+01
-3.331768946275268917e+01
-3.668912919929483252e+01
-4.075871165894520942e+01
3.904525747506731648e+01
4.044527096173633396e+01
3.539388652405052937e+01
2.690787473946497954e+01
2.357014034612363673e+01
1.994850901858625392e+01
1.514286365118240418e+01
1.076122206013275573e+01
8.006487245566914268e+00
6.618971077191599051e+00
5.584199780758737575e+00
4.838609065896286587e+00
3.572165671470028947e+00
1.525729954070948802e+00
-9.640614142863251912e-01
-2.834719437247478879e+00
-3.525584695964399273e+00
-2.175871840650611677e+00
0.000000000000000000e+00
-2.968305938238731656e+01
-2.118489388360133319e+01
-2.104076570001385349e+01
-2.161043147436878442e+01
-2.237122678240243090e+01
-2.339352494983293340e+01
-2.463559618883937574e+01
-2.613772292930884689e+01
-2.794824710863624873e+01
-3.010882384698064129e+01
-3.266113412081966061e+01
-3.565571657919589654e+01
-3.916685404211278154e+01
-4.331405331109401402e+01
3.680793144135642336e+01
3.669048377847083486e+01
3.328416820193091752e+01
3.039102138297015898e+01
2.599330059645140878e+01
2.015168926020033879e+01
1.563210979656964561e+01
1.063068270887402456e+01
7.573390921258116748e+00
6.383253620446464716e+00
5.859290963862110679e+00
5.827185406966295389e+00
4.252819742237104350e+00
4.395109398850291171e+00
4.139712973564733944e-02
-5.504729268295802669e+00
-8.374498467749914354e+00
-9.988855067516713149e+00
-2.197929531222508004e+01
-2.523178835933876130e+01
-1.883840666966579391e+01
-2.165870376896416971e+01
-2.212751671208938831e+01
-2.313285299184122223e+01
-2.427322134872747128e+01
-2.562151179763367992e+01
-2.726716553443541713e+01
-2.925662706583751671e+01
-3.161932895434284418e+01
-3.436202773336473371e+01
-3.748340517513410930e+01
-4.102230040990070847e+01
-4.507284617871160748e+01
3.595736690851659034e+01
3.493578653218104080e+01
3.310443966145639649e+01
3.131634872923819302e+01
2.607170561851055979e+01
3.059809879104406249e+01
1.963072233350474605e+01
6.948879815372296598e+00
4.963514136117458619e+00
5.749702378913898571e+00
6.355784737124258399e+00
6.331645826819376488e+00
5.633471690197050741e+00
1.036516175219359148e+01
0.000000000000000000e+00
-1.862669491862728677e+01
-1.082026876472988874e+01
-1.348376131664271504e+01
-1.532630026111845645e+01
-1.623938784011792791e+01
-1.928869703730833152e+01
-2.159398647457310716e+01
-2.244731089083762043e+01
-2.377349154506092077e+01
-2.495149442237061521e+01
-2.634353693912810002e+01
-2.804827617081152624e+01
-3.017455295450073649e+01
-3.275330997527743193e+01
-3.568989919103912456e+01
-3.890385467792997076e+01
-4.238211296309974330e+01
-4.615043229187352125e+01
3.601024398843994589e+01
3.455591675696496168e+01
3.315531637759345784e+01
3.169552187093069406e+01
3.108809419977740163e+01
4.067204258647605997e+01
0.000000000000000000e+00
-9.170228783879396772e+00
3.041322610388279557e+00
5.338638542251524122e+00
6.854663745585412471e+00
6.380635842159806614e+00
1.030207515130676299e+01
9.718228650761872700e+00
7.986580444391063516e+00
0.000000000000000000e+00
-1.671999782904945064e+01
-1.257803161575917450e+01
-1.348663608868474739e+01
-1.549234506141700329e+01
-1.901342769499508023e+01
-2.128391806757834104e+01
-2.306793297665054610e+01
-2.448515757507498947e+01
-2.541594856078426545e+01
-2.663384926784716455e+01
-2.830001515118666688e+01
-3.067681209547292553e+01
-3.353739084525169289e+01
-3.673128425909673211e+01
-4.008874694741851386e+01
-4.345167053954342862e+01
-4.678120641135979696e+01
3.573226439866008519e+01
3.416961111771966131e+01
3.294922024131588500e+01
3.209971714331675230e+01
3.269172076891997136e+01
3.133660984050933251e+01
5.328492275417844581e+01
0.000000000000000000e+00
2.733621173667642790e+00
6.998477725126580395e+00
7.382904967908269889e+00
7.604354370667049778e+00
1.267522737715922609e+01
0.000000000000000000e+00
0.000000000000000000e+00
-1.248316457939484003e+01
-1.222628505782038921e+01
-9.746949078034724323e+00
-1.176075703505563119e+01
-1.403370527687514624e+01
-1.773990725551218972e+01
-2.115088785796208271e+01
-2.546016815189128124e+01
-2.495019406770845194e+01
-2.561426247640857312e+01
-2.651992370611525729e+01
-2.839640279338877349e+01
-3.067328387859402739e+01
-3.379327873799915949e+01
-3.770600709879020940e+01
-4.130227629363970721e+01
-4.451070171550902899e+01
-4.741229737643043762e+01
3.477112619450013398e+01
3.352979331887551240e+01
3.251429767830677520e+01
3.170225994481038967e+01
3.086781420502687112e+01
3.154014083426136850e+01
2.543903321616666702e+01
1.974044302265484063e+01
1.280162338459177995e+01
9.425971872753324377e+00
8.170480571113877488e+00
7.911981112697508145e+00
6.718314722827245511e+00
6.278371539801073098e+00
-2.729808095833492043e+00
-7.176219109832470799e+00
-6.650803005573389548e+00
-8.915419047995458257e+00
-9.521591397678534463e+00
-5.914450571115136057e+00
0.000000000000000000e+00
-3.965181352673671000e+01
-2.448110675620502263e+01
-2.593521800322334414e+01
-2.534879339940895093e+01
-2.598890871743357778e+01
-2.670159760809229610e+01
-2.809198616656894387e+01
-3.410604415844545656e+01
-3.916106626283171011e+01
-4.270737064227959934e+01
-4.598559991023909532e+01
-4.837673447639217983e+01
3.345833688226891667e+01
3.275331582903137217e+01
3.191908868267764277e+01
3.089521861792070112e+01
2.971571077603725541e+01
2.750974962681064184e+01
2.431620588230053315e+01
1.942196407936209823e+01
1.360945196036288429e+01
1.077779885197385745e+01
8.891906873741531214e+00
7.134970118850755938e+00
5.331356789340619962e+00
2.026668018709321117e+00
-1.863397426677800173e+00
-3.975585196892021056e+00
-6.471199196592271718e+00
-7.868942705478414013e+00
-7.645786082632866076e+00
-6.545482680433923228e+00
-4.313949348873434175e+00
0.000000000000000000e+00
-3.168792232279921706e+01
-2.497923017436361803e+01
-2.449025650430723289e+01
-2.454817856189141168e+01
-2.406125234307859628e+01
-2.896686929474989114e+01
-3.588438957346989611e+01
-3.905484829314850970e+01
-4.676752757528836923e+01
-4.717482130639277216e+01
-4.995702504064545479e+01
3.235574990414965413e+01
3.213098662720155119e+01
3.145694286964029374e+01
3.037728165854165496e+01
2.874813169776639299e+01
2.639493082800005652e+01
2.307735230949809946e+01
1.890696984034671146e+01
1.496140744607997064e+01
1.174007601703503134e+01
8.969804280067599223e+00
6.696434889787220790e+00
4.356062065284690199e+00
1.700646214096771525e+00
-1.027400920653936511e+00
-3.765743856149555313e+00
-5.882894071343963027e+00
-7.026700859042562364e+00
-7.844948168560199164e+00
-8.615637674285920866e+00
-1.046782531284496010e+01
-2.141808089522124448e+01
-2.707851239068618554e+01
-2.175935258994049448e+01
-2.393996464169708105e+01
-2.307289146863978502e+01
-2.140416178530382041e+01
-1.784641543552002929e+01
0.000000000000000000e+00
-6.900069852549820837e+01
-4.433218797627480967e+01
-4.928592735562245508e+01
-5.115352746177429566e+01
3.190187676671629902e+01
3.191047218498876958e+01
3.138670212793035574e+01
3.032499282140067720e+01
2.862667039152995940e+01
2.613562716421612819e+01
2.278933057584475819e+01
1.887797920344427993e+01
1.492797261069739534e+01
1.142939555310319832e+01
8.656875011469130854e+00
6.320120459227774212e+00
3.977153649656965051e+00
1.425254205457179957e+00
-1.311985310396104554e+00
-3.856693555147256536e+00
-5.806549521163752559e+00
-7.212325143086396828e+00
-8.265467620508280433e+00
-9.576658849914577942e+00
-1.270268239487822903e+01
-1.668731230979486568e+01
-1.925934533295541229e+01
-2.256494293234294801e+01
-2.374881148751972759e+01
-2.235761639373178156e+01
-1.985831846287932834e+01
-1.504840869946421655e+01
0.000000000000000000e+00
0.000000000000000000e+00
-5.357218662750815241e+01
-4.943599121561396004e+01
-4.877539146692875249e+01
3.200032130261116237e+01
3.220541272307322345e+01
3.184244237240343267e+01
3.091878540155561339e+01
2.932819749648208330e+01
2.681489133775430034e+01
2.318104213824597437e+01
1.869589346611317282e+01
1.419491695997269431e+01
1.057825566873795076e+01
8.018170235855299310e+00
5.981068516992881001e+00
3.884702520524673908e+00
1.317661279706801247e+00
-1.639675783340881710e+00
-4.436997003120202621e+00
-6.572657126301129971e+00
-7.808792087785336733e+00
-8.269690776596799964e+00
-8.993795829497294392e+00
-1.145643624705061292e+01
-1.615183661871335019e+01
-2.162227991563356611e+01
-2.437301093220886372e+01
-2.380291922099605983e+01
-2.351526457448379404e+01
-2.196369989028251624e+01
-1.501744144818588467e+01
-6.358296893815917450e+00
-2.782427907160288072e+01
-6.394764848176456695e+01
-4.116954574357439611e+01
-5.152611886377152928e+01
