0.000000000000000000e+00
0.000000000000000000e+00
0.000000000000000000e+00
0.000000000000000000e+00
0.000000000000000000e+00
0.000000000000000000e+00
0.000000000000000000e+00
0.000000000000000000e+00
0.000000000000000000e+00
0.000000000000000000e+00
0.000000000000000000e+00
0.000000000000000000e+00
0.000000000000000000e+00
0.000000000000000000e+00
0.000000000000000000e+00
0.000000000000000000e+00
0.000000000000000000e+00
0.000000000000000000e+00
0.000000000000000000e+00
0.000000000000000000e+00
0.000000000000000000e+00
0.000000000000000000e+00
0.000000000000000000e+00
0.000000000000000000e+00
0.000000000000000000e+00
0.000000000000000000e+00
0.000000000000000000e+00
0.000000000000000000e+00
0.000000000000000000e+00
0.000000000000000000e+00
0.000000000000000000e+00
0.000000000000000000e+00
0.000000000000000000e+00
1.950903192575089984e-01
2.055170288525862976e-01
2.291619956542189362e-01
2.565011798310818936e-01
2.796750690133079087e-01
2.915294688756732699e-01
2.872139682694556662e-01
2.683104906681616497e-01
2.419654934509743727e-01
2.160628528796716130e-01
1.950875460800707561e-01
1.785919378368286403e-01
1.634357145481583062e-01
1.474443508305210981e-01
1.309339567433009388e-01
1.162762780317002642e-01
1.087077958720289728e-01
1.109779456363287897e-01
1.436851167891507186e-01
1.849052628769961848e-01
1.897971066535948936e-01
2.406083073215309343e-01
3.006603956039718972e-01
3.237062695479033247e-01
3.199717603119275888e-01
3.409704790513014006e-01
3.998414182923590854e-01
4.788949793760863827e-01
5.408750911602139277e-01
5.516804630231586515e-01
5.044620207935075484e-01
4.303520151855020903e-01
3.901806385150179968e-01
3.826834269538624267e-01
3.965267842488175432e-01
4.252328437141940642e-01
4.582679771610640995e-01
4.869091960634865379e-01
4.986343026784763044e-01
4.851531007488145142e-01
4.492887460096596230e-01
4.029708621109394096e-01
3.598694768308833281e-01
3.266235039969631604e-01
3.007403809890570878e-01
2.765140410297127760e-01
2.506357032035041454e-01
2.239053467035700962e-01
1.991815072930793740e-01
1.785264489933951482e-01
1.603885078456099289e-01
1.576963447367084881e-01
0.000000000000000000e+00
1.755190118126774002e-01
2.483463863607486832e-01
4.055053382196439626e-01
4.351398377955805197e-01
4.650431474064523618e-01
5.223009219980448981e-01
6.345915795687534500e-01
7.720101860227883694e-01
8.956350380808593137e-01
9.402102166584431764e-01
8.963632295616060786e-01
8.145542069631014348e-01
7.653668539077248534e-01
5.555702251637181233e-01
5.651318976874117883e-01
5.847132869123935484e-01
6.095822559530937879e-01
6.284913398935427775e-01
6.312832073561086554e-01
6.038868483155476197e-01
5.469001641994413188e-01
4.821933335680309018e-01
4.290725268365297440e-01
3.907948645057854331e-01
3.637289164798139240e-01
3.380180221745760494e-01
3.079067657058073282e-01
2.768877249016331032e-01
2.478132215109271896e-01
2.197855224568797949e-01
1.907186476480487725e-01
1.457198513662924244e-01
1.305479234526108201e-01
0.000000000000000000e+00
1.539963613812938004e-01
0.000000000000000000e+00
4.139883039204914073e-01
4.264517810474488524e-01
5.585346890035868261e-01
7.086775855384573886e-01
8.974587217179874621e-01
1.077827370082150571e+00
1.166054568007939940e+00
1.173406411626381374e+00
1.135423222710499003e+00
1.111140450327436247e+00
7.071067711879045481e-01
7.072580859005525022e-01
7.122004116554218056e-01
7.035144239161364998e-01
6.951707605672071688e-01
6.899726489023650933e-01
6.362948977306333020e-01
5.530596688293665242e-01
4.806984527371463423e-01
4.233991514736074047e-01
3.853210636127307742e-01
3.689581054363653134e-01
3.445762137755015719e-01
3.141247210126775213e-01
2.884536925434360577e-01
2.664830579242825070e-01
2.441361960811965492e-01
2.211680239465520781e-01
2.049515569333248688e-01
2.034779313364898923e-01
2.147852855805975625e-01
1.491136534240088962e-01
9.829623493724194694e-02
0.000000000000000000e+00
4.121393185556238570e-01
5.104007066106764912e-01
7.120252665273434367e-01
8.234828362142097014e-01
9.305985087647984377e-01
1.182781774378785400e+00
1.300135548330094037e+00
1.382757760985322992e+00
1.414213542375809096e+00
8.314696005453831029e-01
8.256055065802134774e-01
8.131539372687326406e-01
7.422585152059628655e-01
7.171052963439439321e-01
6.297992195036400398e-01
5.139806960530449720e-01
4.465071562862347188e-01
4.121103215140188292e-01
3.604611653651785819e-01
3.381508443049215940e-01
3.055516786824343800e-01
2.677703060847123062e-01
2.560203255848592652e-01
2.613015912422119724e-01
2.602854297238622050e-01
2.516762999605811624e-01
2.458235509823908926e-01
2.511201201089150459e-01
2.689977158287326642e-01
2.797397933110210566e-01
2.710168816198065822e-01
2.451885430018657663e-01
3.011267501800099500e-01
0.000000000000000000e+00
7.441350318118398199e-01
7.706196677889853852e-01
7.175162048250041114e-01
0.000000000000000000e+00
0.000000000000000000e+00
1.581870749614096239e+00
1.532616314359165788e+00
1.662939201090766206e+00
9.238795194474302974e-01
9.203502039738854501e-01
8.993400295267510725e-01
8.182304143859810974e-01
8.101530042724224279e-01
0.000000000000000000e+00
0.000000000000000000e+00
3.119595550533399986e-01
3.420947583299790984e-01
3.157487456566316908e-01
3.238333643838040565e-01
0.000000000000000000e+00
0.000000000000000000e+00
1.659880054354750389e-01
2.206903722679825208e-01
2.352012334312071906e-01
2.384855280422385204e-01
2.493727018472914336e-01
2.760396744532340740e-01
3.159565597871603071e-01
3.620255435950627265e-01
4.130351882041157219e-01
4.942552093053118600e-01
6.400928670106399432e-01
8.736316741820735476e-01
9.748990242341034618e-01
9.783257541811248847e-01
1.044628587090901339e+00
1.157026418099884379e+00
1.460396080886444015e+00
1.668438372987441243e+00
1.725372332830550137e+00
1.847759038894860595e+00
9.807852665347128740e-01
9.870896885877661342e-01
9.821325819445317906e-01
9.465933428174828634e-01
8.593696547407853048e-01
7.185800279875327323e-01
4.889602912713782445e-01
3.762798057735216584e-01
3.442995793798502291e-01
3.218220573867473511e-01
2.942053500821618095e-01
2.513780341324817202e-01
1.636720420981086777e-01
1.644139688678912525e-01
1.800712638580922731e-01
1.844821423679252614e-01
1.967850489680377235e-01
2.277961606330818622e-01
2.792604100895610397e-01
3.474637928283469956e-01
4.293944232675392381e-01
5.308999773812153045e-01
6.655321609795097348e-01
8.364668603507491307e-01
9.927332948442790794e-01
1.036926035899514931e+00
1.055229636708552521e+00
1.100011921025952022e+00
1.333228737677865094e+00
1.571604525912889683e+00
1.756198113148664364e+00
1.895021244963123408e+00
1.961570533069425748e+00
9.999999858597825586e-01
1.006257251482080228e+00
1.018644751257854697e+00
1.008550968147682525e+00
9.201582641436110155e-01
7.778496668305124873e-01
6.125325225831265152e-01
4.608462808771637276e-01
3.767029699560728861e-01
3.313486882495201846e-01
2.998780628179839036e-01
2.592009165982250840e-01
2.014225903316697874e-01
1.778959818584300856e-01
0.000000000000000000e+00
8.085378960043597407e-02
1.278273034708310163e-01
1.857524045417699166e-01
2.671864839628012578e-01
3.583069625365452038e-01
4.629965720898663317e-01
5.876209537019856377e-01
7.340990828888985797e-01
8.869334310452483550e-01
1.003356435830709437e+00
1.015146235094203542e+00
9.398171476540443381e-01
0.000000000000000000e+00
0.000000000000000000e+00
1.700927501161537014e+00
1.748210772866465090e+00
1.944122446372825053e+00
1.999999971719565117e+00
9.807852665347128740e-01
9.386492608561606277e-01
9.798988043591577712e-01
9.109615552915996117e-01
7.735016997588999299e-01
6.541911171875087749e-01
5.476281517585832592e-01
4.448862890480045351e-01
3.694161508546133232e-01
3.190883709680750746e-01
2.828658524658541062e-01
2.461423539835786434e-01
2.038935432041176221e-01
1.530523690605202214e-01
1.374279791776750470e-01
0.000000000000000000e+00
0.000000000000000000e+00
1.678815535050291741e-01
2.557608504251771553e-01
3.492186852006056719e-01
4.567529099640698642e-01
5.828861815420787185e-01
7.238112161100073161e-01
8.655244386676844703e-01
9.852696678648331652e-01
1.061138221225541356e+00
1.094070703972039649e+00
1.238926329929990411e+00
1.539912364759265628e+00
1.741673946449863175e+00
1.766342495401127977e+00
1.925179885521447698e+00
1.961570533069425748e+00
9.238795194474302974e-01
8.348541153655378855e-01
9.107019494242567514e-01
0.000000000000000000e+00
3.686429333749059456e-01
4.153519497853492282e-01
4.025879460808796662e-01
3.607115911824119725e-01
3.154946663174273969e-01
2.779640097051867542e-01
2.480079695037125387e-01
2.207443728359011481e-01
1.943348503424603413e-01
1.760819969010102015e-01
1.672172171048809663e-01
1.711898898477411668e-01
1.722364940149046508e-01
2.049054133228104257e-01
2.477050988673468179e-01
3.179465368455570706e-01
4.126547719755997434e-01
5.268980153904797570e-01
6.540957640252264005e-01
7.852330542816858827e-01
9.211290245582621772e-01
1.064229645048919259e+00
1.263960274562404340e+00
1.479517358486159395e+00
1.609611673017427025e+00
1.647456275989156449e+00
1.711445805588073465e+00
1.811320710760748520e+00
1.847759038894860595e+00
8.314696005453841021e-01
7.942424476532592426e-01
7.391318507854568454e-01
0.000000000000000000e+00
1.546175893337816132e-01
2.198648995824716845e-01
2.575105566762351805e-01
2.555369501246488873e-01
2.383023536598898873e-01
2.176575574833797544e-01
1.990593192898633956e-01
1.839181374142832837e-01
1.744670190837144530e-01
1.731939686207665530e-01
1.843639140190470038e-01
1.994065325009555523e-01
2.120375333415457642e-01
2.075693200427701501e-01
2.118278012879738492e-01
2.577151015891449570e-01
3.357447227873178730e-01
4.314671737890998782e-01
5.360175423081516843e-01
6.425161960270800998e-01
7.627981549608500167e-01
8.879962706125118510e-01
1.085416416875593315e+00
1.173044744931458938e+00
1.224944206727809570e+00
1.317979623873267947e+00
1.488136455910714195e+00
1.607708133877762569e+00
1.662939201090768204e+00
7.071067711879048812e-01
7.592249353776604481e-01
0.000000000000000000e+00
2.227036497869656351e-01
1.497765899630260078e-01
1.399495806812209586e-01
1.584922152144324359e-01
1.637394617936360208e-01
1.593716016887952447e-01
1.500055178100296038e-01
1.412430780555204435e-01
1.361799364909098142e-01
1.370032284973186909e-01
1.442193185158956170e-01
1.618663893814809573e-01
1.771754602435297588e-01
1.978943080436156021e-01
1.599788095623723705e-01
1.314681235570510087e-01
1.705861622280846202e-01
2.375956461233827421e-01
3.118417017099258115e-01
3.865256535404156812e-01
4.566091720441897150e-01
5.258417028896574807e-01
5.460014237994754716e-01
6.044699570372218389e-01
0.000000000000000000e+00
0.000000000000000000e+00
1.125367952629743318e+00
1.209833298000497104e+00
1.366062778102926423e+00
1.414213542375809762e+00
5.555702251637181233e-01
5.894627054076521100e-01
0.000000000000000000e+00
1.161975451865094322e-01
1.145878171164225051e-01
9.735859221853609968e-02
9.521030767761951008e-02
9.348415279532260036e-02
8.951216427942279563e-02
8.387074339975980619e-02
8.051669571877942411e-02
8.167931297514291478e-02
8.707702133521189047e-02
9.517873777613539144e-02
1.076304191226453433e-01
1.092678578208775564e-01
1.492618952562265733e-01
0.000000000000000000e+00
3.427055622045777766e-02
8.238703910971971467e-02
1.372316861694584389e-01
1.850465871614523639e-01
2.293615406036254023e-01
2.658097310394877955e-01
2.868982303006072376e-01
2.653802891571366840e-01
3.181620003786502782e-01
0.000000000000000000e+00
6.914239075113766120e-01
9.842549175824759633e-01
1.020271272429208453e+00
1.099859579573275070e+00
1.111140450327436247e+00
3.826834269538624822e-01
4.023361731126998131e-01
3.413668957715411123e-01
1.746271121283962946e-01
9.879989875648548248e-02
6.608150268544418782e-02
5.052953974892761962e-02
4.057943413937197680e-02
3.161658604651178955e-02
2.474729675466010720e-02
2.409977728029962657e-02
2.847308732653660787e-02
3.455886387776881119e-02
3.930257851816582743e-02
3.818266759600811439e-02
2.746770538347024018e-02
5.835881160766429043e-02
0.000000000000000000e+00
-2.577565477790577653e-02
2.602716428276915031e-02
4.234597694824992348e-02
6.188174057452029697e-02
8.133539044103417492e-02
9.739291459010032681e-02
1.089909526711275584e-01
1.327722509890013614e-01
2.157011492206239445e-01
4.700052604131288447e-01
7.143152669838986890e-01
8.142577694019285106e-01
8.032226175354436615e-01
7.840579279304367155e-01
7.653668539077249644e-01
1.950903192575092759e-01
2.089840090746763190e-01
1.914223860617756401e-01
1.244160825591645175e-01
5.993616657815514087e-02
3.000341420637192905e-02
1.415845564029750980e-02
1.276877819171558757e-03
-1.277269502632442412e-02
-2.287125304377962687e-02
-2.228004589749400105e-02
-1.559960752207633326e-02
-5.371755505148625813e-03
-5.747494277237249344e-03
-2.259827701245537002e-02
-4.190389804970520715e-02
-5.705242895507793566e-02
-4.508189583642614739e-02
-4.388363315249751290e-02
-3.942508715459774188e-02
-5.632558754748494961e-02
-5.730427911426879545e-02
-5.547763448198701070e-02
-4.793924480082960293e-02
-2.762924475654332870e-02
2.508554802958815402e-02
1.457644727674568541e-01
3.292693629143658152e-01
4.885246254151900946e-01
5.225127600639150049e-01
4.851154278398384645e-01
4.231519087401318102e-01
3.901806385150185519e-01
1.224646781830581588e-16
4.871928446879877916e-03
6.453111534706627156e-03
-6.474458528146383174e-03
-1.782897237454733608e-02
-1.722037250570433026e-02
-1.614242414017037081e-02
-2.332392900749079984e-02
-4.179474026230710348e-02
-5.829657677328584087e-02
-5.125290691235891843e-02
-2.536298171335106891e-02
-1.175327801453061698e-02
-3.758115902541507569e-02
-7.059127779151266879e-02
-1.023416021005208870e-01
-1.186840083503084980e-01
-1.241549281186739573e-01
-1.237210158993794218e-01
-1.421351725072511618e-01
-1.635281961909046955e-01
-1.777999003104743514e-01
-1.872852813125078508e-01
-1.856604459990641998e-01
-1.658954784347112243e-01
-1.149677813018772782e-01
-2.531217727942196294e-02
8.347175886279080415e-02
1.570050533471550602e-01
1.599943671113786270e-01
1.066807402889286271e-01
3.600805909618400025e-02
2.449293563661163175e-16
-1.950903192575089706e-01
-1.950335765215365225e-01
-1.773315556876214338e-01
-1.466018767294885727e-01
-1.076794778944387548e-01
-6.422278635844111405e-02
-3.516544347176472213e-02
-3.185860303863309595e-02
-5.213725110364593462e-02
-6.909794339141024644e-02
-5.717059698287228070e-02
2.815379619643685119e-02
0.000000000000000000e+00
0.000000000000000000e+00
-1.422873452150515139e-01
-1.459924684477073575e-01
-1.788467566083955518e-01
-2.036129432522338356e-01
-2.278188172072282969e-01
-2.529560294618399818e-01
-2.773137633734988339e-01
-3.003568333540488355e-01
-3.182009189532735705e-01
-3.265922882298549212e-01
-3.203079761932376424e-01
-2.941845096678781801e-01
-2.508497642557968033e-01
-2.078700972998770158e-01
-1.924092013239982191e-01
-2.212648283941280325e-01
-2.863666656392800380e-01
-3.565130339246900815e-01
-3.901806385150179413e-01
-3.826834269538623712e-01
-3.819112940513971766e-01
-3.276692399964596381e-01
-2.554332409447911401e-01
-1.797217815048634815e-01
-8.997031458411618166e-02
-4.068638204493073285e-02
-3.619493766670894841e-02
-4.428420582931685834e-02
-2.898422823606120607e-02
0.000000000000000000e+00
3.468125603017964409e-03
3.351739586898034445e-02
-4.652018698997826412e-02
0.000000000000000000e+00
-2.106020778568286345e-01
-2.364488969041157740e-01
-2.892950569990797027e-01
-3.284358420822611757e-01
-3.595139914174965701e-01
-3.888567875990789346e-01
-4.182392699170239814e-01
-4.462290656513822062e-01
-4.699706004715266672e-01
-4.858118760355505938e-01
-4.925171490682956343e-01
-4.946140396333980616e-01
-5.035492416357032486e-01
-5.331845680684100808e-01
-5.899500283228693576e-01
-6.649044870037561505e-01
-7.342110977288295315e-01
-7.653668539077247424e-01
-5.555702251637177902e-01
-5.560839157050482262e-01
-3.508136914955056196e-01
-2.674976296354271699e-01
-1.933708696217436573e-01
-8.475216443797288501e-02
-5.674068080051652280e-02
-8.219797971148509741e-02
-8.028736801506589082e-02
-4.229023609727065175e-02
-6.703889124072767713e-02
0.000000000000000000e+00
-9.309570701578517848e-02
-1.256778856066544381e-01
0.000000000000000000e+00
-2.883045976934049959e-01
-3.044546677404262325e-01
-3.749004078769811454e-01
-4.167870159027908250e-01
-4.511373732931642233e-01
-4.843789713990149792e-01
-5.222883744546246154e-01
-5.645499224159259422e-01
-6.080073659095638350e-01
-6.499173174628034566e-01
-6.901605439988270918e-01
-7.321932850836742057e-01
-7.824768805451500775e-01
-8.470765247256452080e-01
-9.263324800340950738e-01
-1.010858638343526739e+00
-1.081241469439118807e+00
-1.111140450327435580e+00
-7.071067711879045481e-01
0.000000000000000000e+00
-1.617132864848296603e-01
-1.609455580306539679e-01
0.000000000000000000e+00
0.000000000000000000e+00
-2.177464617180419337e-01
-2.200955399197706275e-01
-2.026551760185151818e-01
-1.782240672541929305e-01
-1.893386041297665523e-01
-2.487191644235564603e-01
-2.677471413557239166e-01
-2.853235013240046913e-01
-3.335851411896815777e-01
-3.626994437066650145e-01
-3.745241351799227236e-01
-4.330675176272821836e-01
-4.738623195297472779e-01
-5.092058809146039478e-01
-5.503843112140061056e-01
-6.032817419948822701e-01
-6.650901324041096352e-01
-7.315050773832280084e-01
-8.002954454091365522e-01
-8.714607299323855472e-01
-9.470295860214924533e-01
-1.029873057555464433e+00
-1.121382708586686983e+00
-1.218561938573031300e+00
-1.311805102624265640e+00
-1.384443492900696793e+00
-1.414213542375809096e+00
-8.314696005453831029e-01
-7.457444099945002014e-01
0.000000000000000000e+00
-3.143290949122202749e-01
-3.799742716699648359e-01
-4.748788081714694354e-01
-4.993181804667338186e-01
-4.292977075530098885e-01
-3.710098212976956078e-01
-3.296415683529270724e-01
-3.272740910872966591e-01
-3.528375627398873671e-01
-3.798958760063169127e-01
-3.946019675421050810e-01
-4.037361936047488831e-01
-3.825692512432691261e-01
-3.651093719010437000e-01
-4.164298589120146721e-01
-4.564980334398954787e-01
-5.127352835914038565e-01
-5.771980775169025524e-01
-6.566713631983586152e-01
-7.429376420984998841e-01
-8.335080302659607643e-01
-9.272754512116714309e-01
-1.024942692717332404e+00
-1.127547439548517660e+00
-1.235497455502249986e+00
-1.347272878054210477e+00
-1.457961931896042840e+00
-1.558043716180510074e+00
-1.632899171119186255e+00
-1.662939201090766206e+00
-9.238795194474288541e-01
-9.321891746068227125e-01
-9.218806891177566687e-01
-7.598932260235844449e-01
-7.257938775941235043e-01
-7.312969944928053856e-01
-6.972031103100645444e-01
-6.037912566434866513e-01
-5.135964599314344348e-01
-4.463195860215337096e-01
-4.171669017873326779e-01
-4.183363196428218633e-01
-4.313208295522804603e-01
-4.394613912124081812e-01
-4.257867502934345461e-01
-3.675290837522912635e-01
-2.923286408579557349e-01
0.000000000000000000e+00
-3.475500700148775324e-01
-4.563435334853082614e-01
-5.786713139692245544e-01
-6.876002909079818037e-01
-7.991313117633422891e-01
-9.101735079635993042e-01
-1.023959097092033588e+00
-1.142315353889999274e+00
-1.265525877422645884e+00
-1.392067392118810920e+00
-1.518290897251308058e+00
-1.638041936195758108e+00
-1.742149900418110242e+00
-1.817828289175313250e+00
-1.847759038894857708e+00
-9.807852665347128740e-01
-1.023717292394096479e+00
-1.039098334872941454e+00
-9.947466607270104566e-01
-9.310093833013863840e-01
-8.833128546567736716e-01
-8.126824280305758874e-01
-7.026183301470093623e-01
-5.865020882253891843e-01
-4.987969002336052893e-01
-4.501754547744331036e-01
-4.335703347641338690e-01
-4.325553870415293489e-01
-4.389499549952451951e-01
-4.256557456088334024e-01
-3.734633395500782660e-01
-2.951738281042229350e-01
-2.068063621134239305e-01
0.000000000000000000e+00
-4.997755487060645541e-01
-5.766386327367022391e-01
-7.142668779540107815e-01
-8.371395257732564543e-01
-9.587814098868965296e-01
-1.084808597685374076e+00
-1.217119622738735751e+00
-1.354855388017150997e+00
-1.494379194487000628e+00
-1.629944667870376174e+00
-1.754300384914886379e+00
-1.858816503586190549e+00
-1.932760134342461411e+00
-1.961570533069425748e+00
-9.999999858597825586e-01
-1.023965235801584717e+00
-1.044751676048874200e+00
-1.024467646752670547e+00
-9.685453415043508985e-01
-9.218412221244407512e-01
-8.400582640545607438e-01
-7.018834992204854295e-01
-5.675078258347249216e-01
-4.783909010256405248e-01
-4.283297286056750308e-01
-4.031107248878002536e-01
-3.812181769090022265e-01
-3.821537587080082177e-01
-3.830252073449533778e-01
-3.455367324136723872e-01
-3.411552260606623421e-01
-3.827798443217497182e-01
-4.644745338957512182e-01
-5.434740782269829040e-01
-6.137952290803673217e-01
-7.424953546176354946e-01
-8.538152424926354067e-01
-9.743053253332104591e-01
-1.103729328303493018e+00
-1.243512486253949945e+00
-1.390636725839978327e+00
-1.538730269841813048e+00
-1.679431587487988375e+00
-1.804141871288527765e+00
-1.904963600249377054e+00
-1.973799945386056631e+00
-1.999999971719565117e+00
-9.807852665347128740e-01
-9.877890890799536638e-01
-9.855678738379275439e-01
-9.552050651886488941e-01
-8.738896983731996304e-01
-8.425603701112488464e-01
-7.340157307302320744e-01
-5.533498995376926466e-01
-4.476828607831204732e-01
-4.009893008608531595e-01
-3.755082699655066247e-01
-3.456064013425616532e-01
-3.052281368209853185e-01
-2.804539347485262568e-01
0.000000000000000000e+00
-2.389761850434030110e-01
-3.089439427984398412e-01
-4.157785948913965690e-01
-5.044874859996468786e-01
-5.746381230008618113e-01
-6.522860123144840205e-01
-7.443649778034940878e-01
-8.372793279633882202e-01
-9.473307236000980680e-01
-1.073472772459830749e+00
-1.215899170797722473e+00
-1.368735981576721050e+00
-1.522428046629674236e+00
-1.665242890687522292e+00
-1.786608955558735001e+00
-1.879593140702374710e+00
-1.939674362942315655e+00
-1.961570533069425748e+00
-9.238795194474302974e-01
-9.183340278998498585e-01
-8.958797007105510080e-01
-8.413876727617319862e-01
-7.362836754432350306e-01
-6.743989704907280558e-01
0.000000000000000000e+00
-2.553932040801760173e-01
-2.814738264742756013e-01
-3.280792939808344633e-01
-3.329046800422405528e-01
-2.980201999723067208e-01
-2.629385944350715043e-01
-1.936997650747059874e-01
-1.419598351832898064e-01
0.000000000000000000e+00
-3.155495060177276878e-01
-3.800622380654672394e-01
-4.674063183949777600e-01
-5.457248374429932714e-01
-6.234719742736987147e-01
-6.952581483017784558e-01
-7.696892801431909348e-01
-8.672226754870980825e-01
-9.882704770438619502e-01
-1.130218394859657582e+00
-1.285293615633190667e+00
-1.442743294371976015e+00
-1.586358748804080898e+00
-1.701459238802043306e+00
-1.782953489351549070e+00
-1.831461455789146431e+00
-1.847759038894860595e+00
-8.314696005453841021e-01
-8.217107678097539392e-01
-7.929487912784027870e-01
-7.376310370015216611e-01
-6.540228810645386526e-01
-5.123124266797661752e-01
-4.379724599856356093e-01
0.000000000000000000e+00
-2.965686442196326378e-01
-3.344609414031759487e-01
-3.387356252752132812e-01
-3.028962822228174478e-01
-2.793702867329150852e-01
0.000000000000000000e+00
0.000000000000000000e+00
-2.862737818456841943e-01
-3.206657405551540663e-01
-3.488581939879358829e-01
-3.904478269924554490e-01
-4.218116792193672415e-01
-5.139257572092108539e-01
-5.637969897519156115e-01
-6.379893090233730302e-01
-7.320903265020451967e-01
-8.504574046204194104e-01
-9.851069272590478043e-01
-1.135289449704193432e+00
-1.295865283187089823e+00
-1.440214645850752095e+00
-1.546643896161834730e+00
-1.614665337322665817e+00
-1.651570684466674210e+00
-1.662939201090768204e+00
-7.071067711879048812e-01
-7.004569772341071587e-01
-6.815240652800597099e-01
-6.498425198934359992e-01
-6.053714682443348538e-01
-5.685587357561597832e-01
-5.500511297680797940e-01
-5.534132849495230211e-01
-4.617754808453730098e-01
-4.183629284502124457e-01
-3.847391934903579558e-01
-3.538406947196363617e-01
-3.278199544894885853e-01
-3.212588865594951382e-01
-3.229083916751083194e-01
-3.386912131871213649e-01
-3.295258914388179416e-01
-3.209991949237568365e-01
-2.910777011119111690e-01
-2.381266589169308001e-01
0.000000000000000000e+00
-3.792240797047795042e-01
-4.514700685338802200e-01
-5.716863817277760829e-01
-6.735321179250383095e-01
-7.848523273061754901e-01
-9.150724382321840933e-01
-1.069603682941219436e+00
-1.213927482813804692e+00
-1.315878150696821569e+00
-1.370019134550621853e+00
-1.403028610770053808e+00
-1.414213542375809762e+00
-5.555702251637181233e-01
-5.554735630022652471e-01
-5.533462968907568724e-01
-5.492270646905331732e-01
-5.481244528492791313e-01
-5.578126205570267393e-01
-5.779913058554729810e-01
-5.724736793152932490e-01
-5.246081871430409160e-01
-4.589049164506698308e-01
-4.100829491651992176e-01
-3.806273222823894908e-01
-3.716643832367230726e-01
-3.754026201912440963e-01
-3.744234216052201303e-01
-3.506837671516560562e-01
-3.194492839150707142e-01
-2.825778230831431648e-01
-2.341638558088717514e-01
-1.753995660830213743e-01
-1.137129650587824087e-01
0.000000000000000000e+00
-3.953483803895285198e-01
-4.129365971899170984e-01
-4.856911441758380299e-01
-5.478971767698156414e-01
-6.229911138198330756e-01
-7.081915204669672059e-01
-8.957529304087682442e-01
-9.777492322156944304e-01
-1.047546069187388573e+00
-1.091220824881605544e+00
-1.111140450327436247e+00
-3.826834269538628153e-01
-3.879070796600015414e-01
-3.985266725474789218e-01
-4.128406719343377107e-01
-4.329798515057962649e-01
-4.594930832595234826e-01
-4.827823568140610089e-01
-4.844103818918880089e-01
-4.536413562460268056e-01
-4.049803981750493276e-01
-3.633811578851199320e-01
-3.384708935604776592e-01
-3.308218240035794566e-01
-3.307636561409570408e-01
-3.222362625873216313e-01
-2.982387440815301161e-01
-2.642936115179820300e-01
-2.269322710540588039e-01
-1.967285545200632702e-01
-1.862381481116764381e-01
-2.155916515066226835e-01
-2.805027073242801205e-01
-3.112968908987315819e-01
-2.879253742046157249e-01
-3.118049232107513169e-01
-3.111146098575843788e-01
-2.982957706540242948e-01
-2.417759846125747680e-01
0.000000000000000000e+00
-6.103885324636605381e-01
-6.567989781213637857e-01
-7.467318712954879034e-01
-7.653668539077256305e-01
-1.950903192575093870e-01
-2.007695798706068957e-01
-2.132057386171666291e-01
-2.296172704848242763e-01
-2.504155115790902553e-01
-2.738766667514464515e-01
-2.927125824032952850e-01
-2.962390312236961032e-01
-2.798793034567115812e-01
-2.518446467941371503e-01
-2.257303550216276378e-01
-2.101225366071672873e-01
-2.055375424734511569e-01
-2.047579030773533371e-01
-1.984473687193527569e-01
-1.820256693757673627e-01
-1.581824451625553629e-01
-1.351028446607603628e-01
-1.236435119926519305e-01
-1.350966790410251528e-01
-1.694055959143319634e-01
-1.991705457439249816e-01
-1.903578464258675884e-01
-1.663674281223855578e-01
-1.507854964531344932e-01
-1.223396689955812133e-01
-7.588029345347378773e-02
7.039126081250094043e-03
0.000000000000000000e+00
0.000000000000000000e+00
-4.253795522510232519e-01
-3.739650133627976936e-01
-3.901806385150187739e-01
-2.449293563661164161e-16
0.000000000000000000e+00
0.000000000000000000e+00
0.000000000000000000e+00
0.000000000000000000e+00
0.000000000000000000e+00
0.000000000000000000e+00
0.000000000000000000e+00
0.000000000000000000e+00
0.000000000000000000e+00
0.000000000000000000e+00
0.000000000000000000e+00
0.000000000000000000e+00
0.000000000000000000e+00
0.000000000000000000e+00
0.000000000000000000e+00
0.000000000000000000e+00
0.000000000000000000e+00
0.000000000000000000e+00
0.000000000000000000e+00
0.000000000000000000e+00
0.000000000000000000e+00
0.000000000000000000e+00
0.000000000000000000e+00
0.000000000000000000e+00
0.000000000000000000e+00
0.000000000000000000e+00
0.000000000000000000e+00
0.000000000000000000e+00
0.000000000000000000e+00
0.000000000000000000e+00
0.000000000000000000e+00
-4.898587127322328323e-16
0.000000000000000000e+00
0.000000000000000000e+00
0.000000000000000000e+00
0.000000000000000000e+00
0.000000000000000000e+00
0.000000000000000000e+00
0.000000000000000000e+00
0.000000000000000000e+00
0.000000000000000000e+00
0.000000000000000000e+00
0.000000000000000000e+00
0.000000000000000000e+00
0.000000000000000000e+00
0.000000000000000000e+00
0.000000000000000000e+00
0.000000000000000000e+00
0.000000000000000000e+00
0.000000000000000000e+00
0.000000000000000000e+00
0.000000000000000000e+00
0.000000000000000000e+00
0.000000000000000000e+00
0.000000000000000000e+00
0.000000000000000000e+00
0.000000000000000000e+00
0.000000000000000000e+00
0.000000000000000000e+00
0.000000000000000000e+00
0.000000000000000000e+00
0.000000000000000000e+00
0.000000000000000000e+00
0.000000000000000000e+00
0.000000000000000000e+00
0.000000000000000000e+00
-1.070743616579212035e-02
-1.535573811593534538e-02
-1.488942521762564447e-02
-1.071158332322348465e-02
-2.815284121515223160e-03
6.351433618673130166e-03
1.281516371690911288e-02
1.473259733123902064e-02
1.290069773642774781e-02
9.789652933911180410e-03
8.028191989827048944e-03
8.152495453668182068e-03
8.834879911033705416e-03
8.598062016682514810e-03
6.245685400967354757e-03
3.082066486431023341e-04
-1.358761322356537120e-02
-2.826278296268246865e-02
-1.335446121404231662e-02
1.724509752572297549e-04
-3.093323512991495716e-02
-2.053917843070255170e-02
1.256343882585586906e-03
2.538145781821649852e-03
-2.022151542563475207e-02
-3.799370691990962973e-02
-3.871293972122751004e-02
-1.905238152933993664e-02
1.408885339431067800e-02
4.140317379735367759e-02
3.948409324685913518e-02
0.000000000000000000e+00
0.000000000000000000e+00
-3.280743087678606590e-02
-4.687498989926842941e-02
-4.780205311958314607e-02
-3.344255437903616290e-02
-5.436248263532162533e-03
2.541709720443169340e-02
4.680873295702784459e-02
5.183612376981403674e-02
4.371429796240890869e-02
3.332131146175029701e-02
2.834877165401136767e-02
2.884753133587816473e-02
3.088907416809586609e-02
3.020813411370727036e-02
2.423007169441587436e-02
1.065614501073906990e-02
-1.221365682546987630e-02
-4.752908790792878535e-02
0.000000000000000000e+00
-7.893292479524781358e-02
-1.525782966603637658e-01
-1.247964681312269397e-01
7.700896366648089103e-03
-2.133196767893884641e-02
-8.030730390833419607e-02
-1.447794525538595722e-01
-1.597516886674910930e-01
-9.477022107182361821e-02
2.828357948929079504e-02
1.174675727743788450e-01
1.181168291666749304e-01
0.000000000000000000e+00
0.000000000000000000e+00
-5.449394828788893530e-02
-7.608496603097923694e-02
-7.199828360692325790e-02
-4.488820069496446408e-02
9.066452400645847245e-04
5.955176725540999721e-02
1.007104644565804258e-01
1.059756638905969828e-01
8.889125368432278240e-02
6.776505654211438523e-02
5.438738449014442200e-02
5.530415174687729196e-02
6.047820110331132704e-02
5.916109632808846941e-02
5.048619333444422097e-02
3.511528257718936341e-02
1.391371039800887860e-02
-3.488218130704059516e-03
-3.255648142153000357e-02
0.000000000000000000e+00
-2.381170170784246143e-01
0.000000000000000000e+00
-1.066493038770743723e-01
-5.286813207204096171e-02
-2.006211947688944508e-01
-2.990112024997396700e-01
-3.001449897488209784e-01
-1.668020442024853167e-01
3.220724457877570390e-02
1.660638142777622339e-01
1.836238636546958236e-01
0.000000000000000000e+00
0.000000000000000000e+00
-6.440697347575555232e-02
-8.497854276298945353e-02
-8.647683425765786969e-02
-7.904855943962045550e-02
-1.284215346869430324e-03
1.205341362765964819e-01
1.771231486546632206e-01
1.713603879009716890e-01
1.331518953340879163e-01
8.232445434582062738e-02
6.483287659026114313e-02
8.449214060250304081e-02
9.240332514624295668e-02
8.673391058448456925e-02
7.639403588100558695e-02
6.164160652171438159e-02
4.291842470365001688e-02
2.243795835083352633e-02
-1.176144754841286326e-03
-9.699327473232816077e-02
-1.602503191406004779e-01
-1.163374548558757521e-01
0.000000000000000000e+00
-2.759765115310240380e-01
-3.572582471902142065e-01
-4.651325016986937455e-01
-5.024398706822664762e-01
-4.987933430464971951e-01
-2.389717696418611759e-01
1.681359330555018683e-01
1.725786200933567549e-01
0.000000000000000000e+00
0.000000000000000000e+00
-5.853328731991224582e-02
-6.967020763995009081e-02
-5.842891140032724362e-02
-1.003911429491251677e-05
1.622814184047320640e-01
2.308861078106087816e-01
2.439157856317786532e-01
2.235936175575343188e-01
1.768512914232411859e-01
1.349722636170443968e-01
1.430362381559038276e-01
1.278423197032776959e-01
1.079672792651892865e-01
9.714450109384553667e-02
9.080218394467458320e-02
7.798508580356054709e-02
5.441406584307716815e-02
2.259642658657257802e-02
-2.286783486508586760e-02
-7.638721946886616043e-02
-1.024732791700944390e-01
-6.072887249956785555e-02
-5.515325393791270514e-02
0.000000000000000000e+00
-5.710667920060767955e-01
-5.669793111792839069e-01
-4.083807189607263077e-01
0.000000000000000000e+00
0.000000000000000000e+00
2.568633197614538996e-02
5.786790120037693663e-02
0.000000000000000000e+00
0.000000000000000000e+00
-4.879151363640619327e-02
-3.399892603647238637e-02
3.343520651129192056e-02
8.980113846786934306e-02
0.000000000000000000e+00
0.000000000000000000e+00
2.239110430597925083e-01
2.405044940156837174e-01
2.212949080136336344e-01
1.659335486072489318e-01
0.000000000000000000e+00
0.000000000000000000e+00
6.057948505741257011e-02
7.679800849887175040e-02
9.151354900504213297e-02
7.972249108400369932e-02
4.618851841240446954e-02
-1.096480182219811660e-03
-5.315582631519754492e-02
-9.952650022081910297e-02
-1.229217584304723582e-01
-1.237112718041745996e-01
-1.390926726399809576e-01
-3.458027570959142927e-01
-6.244550103100467986e-01
-5.989760420868358581e-01
-2.609037352918440744e-01
1.386992480202456912e-01
1.991167919813619791e-01
-9.532411872844839817e-02
-1.262410454370732626e-01
0.000000000000000000e+00
0.000000000000000000e+00
-4.356836566000930194e-02
2.388464097800523187e-03
1.097068885754418771e-01
2.073333538700741496e-01
1.032630256020535681e-01
7.732518696483781095e-02
1.829951058976607980e-01
2.485574581569965913e-01
2.485566167490734502e-01
1.969663975960252167e-01
5.518587432358702111e-02
-1.989458539670953263e-02
9.042517412245465111e-03
7.016838117776089123e-02
8.448822442443519598e-02
6.862679473611076053e-02
1.676980856710113751e-02
-4.860601589628196773e-02
-1.129771529669314489e-01
-1.691302363345093540e-01
-2.137280179042861383e-01
-2.562568561154343616e-01
-3.395545969695888400e-01
-5.004046553609527992e-01
-6.630644707514949943e-01
-6.647726833122148404e-01
-4.932283221554231711e-01
-2.733333704658653107e-01
-1.875878614296659919e-01
-3.311392703259588566e-01
-2.428422195766265779e-01
0.000000000000000000e+00
0.000000000000000000e+00
-5.726409818183758604e-02
-1.668522898394178555e-02
1.511982543209802743e-01
3.109894232152031757e-01
3.368378576498325394e-01
2.914321314052861212e-01
2.814785145843303749e-01
2.919852724830721002e-01
2.779583812869637072e-01
2.216568387316294741e-01
1.367462433679721978e-01
5.856254549277017940e-02
1.164045647150362128e-02
0.000000000000000000e+00
5.996921169919160882e-02
3.229893479515355548e-02
-4.063834100748055927e-02
-1.230516427091837423e-01
-1.999718688557322877e-01
-2.726040306697035120e-01
-3.414426528951935436e-01
-4.136526701669227535e-01
-5.001669085690990668e-01
-5.905172433670855536e-01
-6.203302532822877469e-01
-5.264248972467797660e-01
0.000000000000000000e+00
0.000000000000000000e+00
-4.388687766996847150e-01
-4.669185556339250365e-01
-3.502674566729566119e-01
0.000000000000000000e+00
0.000000000000000000e+00
-5.733070461656735589e-02
9.154853575547147390e-03
3.044819477813607289e-01
4.415368508102359146e-01
4.658932794466054683e-01
4.213398341354726573e-01
3.842540496185233856e-01
3.563389317088374586e-01
3.168842044678164549e-01
2.563767605864842314e-01
1.794360535961220249e-01
1.052512253514075041e-01
5.233841074099257473e-02
-1.894836545035732608e-02
0.000000000000000000e+00
0.000000000000000000e+00
-1.329866114273567101e-01
-2.129896797849742118e-01
-2.994953772148993831e-01
-3.893736325303663870e-01
-4.782746108575122723e-01
-5.636433312861792722e-01
-6.380042004587593851e-01
-6.745817479382745230e-01
-6.208034820130183817e-01
-4.206638367198246020e-01
-2.126829802525283253e-01
-2.473433593492292970e-01
-6.112264144661349041e-01
-6.767604854213138399e-01
-4.593056754847508749e-01
0.000000000000000000e+00
0.000000000000000000e+00
-1.994373068746656068e-04
8.815092088093082201e-02
0.000000000000000000e+00
4.745718612013843374e-01
5.151382495958750640e-01
4.954548143976313934e-01
4.557177288987564467e-01
4.092414774043146575e-01
3.544481898016649257e-01
2.879035504381409760e-01
2.134540732512154038e-01
1.419301558710195643e-01
7.852519083695208568e-02
2.500575280547421078e-02
-6.666539649073537077e-02
-1.398787235835654286e-01
-2.046640228053110688e-01
-2.877540500510803456e-01
-3.914690668315848332e-01
-5.016023111466056950e-01
-6.074412847349212052e-01
-7.018423849877968301e-01
-7.733130359036145540e-01
-7.964767555350023009e-01
-7.292660051384615150e-01
-5.463216507383888976e-01
-3.525182693856986904e-01
-4.660996160738200556e-01
-7.332629643659702712e-01
-7.627564656496744755e-01
-5.314607667082651421e-01
0.000000000000000000e+00
0.000000000000000000e+00
1.220814160891075528e-01
3.150384028981852991e-01
0.000000000000000000e+00
3.360849751601394098e-01
4.729115011071439723e-01
5.013670190348303857e-01
4.824484650099993277e-01
4.396552599797567962e-01
3.810755698381352308e-01
3.104831528824374964e-01
2.333310117038580878e-01
1.560556622259684501e-01
8.279275516982430305e-02
9.374724345108130519e-03
-6.016211412952082727e-02
-1.265295802975087425e-01
-2.084836089957202432e-01
-3.266601254864595627e-01
-4.649613513646445595e-01
-5.991981387833873463e-01
-7.193576895923081693e-01
-8.214292888954864980e-01
-8.972189712202929268e-01
-9.296745089426070585e-01
-9.034583791301011857e-01
-7.982860082306542093e-01
-6.367325410040979294e-01
-6.536713646390532872e-01
-7.763113184005426826e-01
-8.748168346018371233e-01
-6.210924738281475843e-01
0.000000000000000000e+00
0.000000000000000000e+00
2.267980302820803984e-01
0.000000000000000000e+00
2.764143590793972649e-01
3.149744946098169684e-01
4.301292199135159922e-01
4.853624661573763821e-01
4.868480399285135540e-01
4.531269014146341312e-01
3.957087923792872997e-01
3.225777017638444821e-01
2.407107883244402613e-01
1.563838849480987114e-01
7.315564454080651646e-02
-6.576479003085454293e-03
-8.097852511339852233e-02
-1.358374179552914729e-01
-1.887327955200710783e-01
-3.418507134274325066e-01
-5.262314524457759601e-01
-6.797575400014098657e-01
-8.076843229379261357e-01
-9.118318402933581757e-01
-9.864717564655897108e-01
-1.021177331522556297e+00
-9.973304345151494665e-01
-8.245138728142283879e-01
0.000000000000000000e+00
0.000000000000000000e+00
-1.020572026194361825e+00
-1.050089697149786616e+00
-7.209339279557437363e-01
0.000000000000000000e+00
0.000000000000000000e+00
3.092547568618967957e-01
0.000000000000000000e+00
2.497502845069093924e-01
3.571662014936948792e-01
4.326700119594651950e-01
4.797201790946006850e-01
4.875036692029934282e-01
4.593404825036305761e-01
4.024415474930196912e-01
3.257949107750681139e-01
2.392354485050979807e-01
1.502029346681641175e-01
6.217516047549317970e-02
-2.298826261156789591e-02
-9.886854725747849792e-02
-1.301420906425442836e-01
0.000000000000000000e+00
-3.730813928729953544e-01
-5.842425715658272622e-01
-7.412243395657853728e-01
-8.686598750713981909e-01
-9.686216422237670098e-01
-1.033922500644423925e+00
-1.050551067233816083e+00
-9.807792268489078369e-01
-7.615086376590745054e-01
0.000000000000000000e+00
-7.629679819832320131e-01
-1.193926832962576734e+00
-1.190399808306417118e+00
-7.870118853587947383e-01
0.000000000000000000e+00
0.000000000000000000e+00
3.186043715397763321e-01
2.804999357467827803e-01
2.919744627170824391e-01
3.788692442851555597e-01
4.460210286173016403e-01
4.859889291566755198e-01
4.932622447327793536e-01
4.654358990631279891e-01
4.064707331648176325e-01
3.269116307630251517e-01
2.376235083092714806e-01
1.448935163199245590e-01
5.571496881078093905e-02
-2.664490725208371741e-02
-9.831631976553525942e-02
-1.487668554349694250e-01
0.000000000000000000e+00
-4.289520905316185351e-01
-6.245145085172585375e-01
-7.758646698298012900e-01
-9.018433980094694435e-01
-9.973839782514187791e-01
-1.054393187598466453e+00
-1.057923223355071274e+00
-9.861265900818645402e-01
-8.360954876689373760e-01
-8.611734042700989189e-01
-1.084743820127367364e+00
-1.287213010000311186e+00
-1.200705729092041096e+00
-7.890750358679170517e-01
0.000000000000000000e+00
0.000000000000000000e+00
3.011393742011669317e-01
3.914266865552770147e-01
4.045156498796266265e-01
4.330634809238513849e-01
4.703707444537628124e-01
4.989865431729683110e-01
5.049918113041932388e-01
4.776232208710221028e-01
4.136699745341143597e-01
3.217771128355532695e-01
2.200934891937090243e-01
1.284369958748625140e-01
5.738267746178956491e-02
-1.246110947236650154e-02
-8.584219443637965130e-02
-1.536527612863479719e-01
-2.906309528450086721e-01
-4.466100510938130208e-01
-6.233110936101780020e-01
-7.822660039124476050e-01
-9.111787912720121785e-01
-1.007967099982447268e+00
-1.066935285831438263e+00
-1.080603969305911516e+00
-1.048651665714569248e+00
-1.009629104149861289e+00
-1.037498149500725164e+00
-1.184391885788766308e+00
-1.278471288983807908e+00
-1.157623512379831965e+00
-7.473878203679356069e-01
0.000000000000000000e+00
0.000000000000000000e+00
2.929396403700135765e-01
4.155524057112867098e-01
4.443210329046524132e-01
4.575154026037824839e-01
4.802358531055961888e-01
5.071589670059782895e-01
5.193640704659513441e-01
4.930061025755314019e-01
4.132048555154481106e-01
3.057586117794920955e-01
2.249280915808340442e-01
1.699802271833173450e-01
9.876827554205455661e-02
9.884261012932831977e-03
-6.302149678045437797e-02
-1.504362377029208331e-01
-2.587048982072882586e-01
-4.210184699646621898e-01
-6.065980620213000662e-01
-7.698393995245210730e-01
-9.039400625512284959e-01
-1.007727668245455233e+00
-1.077808502152530101e+00
-1.114394337712357741e+00
-1.127381328408330274e+00
-1.142802214189691190e+00
-1.195006743560153017e+00
-1.265625776414406767e+00
-1.263582412857187087e+00
-1.093683615395251385e+00
-6.862238645466058884e-01
0.000000000000000000e+00
0.000000000000000000e+00
2.876764792380435143e-01
4.075661458190227848e-01
4.379953706316049855e-01
4.425141126584891671e-01
4.596111208010608684e-01
4.999154133964371360e-01
5.313560704274409296e-01
5.170698636183629349e-01
4.347896703790053996e-01
2.986345307066953780e-01
1.747414457968138324e-01
0.000000000000000000e+00
0.000000000000000000e+00
6.836463088455663195e-02
-4.172179731489327609e-02
-1.298758327754203634e-01
-2.531338185662159179e-01
-4.139812503133334931e-01
-5.858557349666583258e-01
-7.473426272395399250e-01
-8.870422278593422805e-01
-9.986965226441520960e-01
-1.081760010003837813e+00
-1.139838821563033955e+00
-1.181607568956273724e+00
-1.220098200727317783e+00
-1.259785072358183156e+00
-1.277441261282855844e+00
-1.219804798986828365e+00
-1.020727058585460423e+00
-6.251363657749849922e-01
0.000000000000000000e+00
0.000000000000000000e+00
2.833671172076409617e-01
3.551865906637542425e-01
3.761045229089074460e-01
3.618105899924167757e-01
3.921266404246899206e-01
4.801581137397840648e-01
5.388300540670165617e-01
5.306654157380562564e-01
4.409044893043008728e-01
0.000000000000000000e+00
1.285624999155758619e-01
9.250861048342487458e-02
7.281926433007167299e-02
0.000000000000000000e+00
-6.158830285274376724e-03
-8.923208527781557875e-02
-2.174524080012582017e-01
-3.818986113935239346e-01
-5.564067201866049750e-01
-7.206509057388917894e-01
-8.624307488766217444e-01
-9.787271309940616115e-01
-1.070998529450621017e+00
-1.142584442543266299e+00
-1.198342305612908554e+00
-1.241544681176450116e+00
-1.266842313730385916e+00
-1.252812381591358992e+00
-1.161011359457494674e+00
-9.457717329162921294e-01
-5.675333283105624682e-01
0.000000000000000000e+00
0.000000000000000000e+00
1.818275932125328065e-01
2.255135589989575862e-01
3.246450551166919496e-01
3.142350714242497234e-01
3.504916558146188854e-01
4.746542353918302704e-01
5.496935439789830680e-01
5.211450218687532221e-01
3.966766405421711106e-01
2.026809107065510041e-01
0.000000000000000000e+00
1.431386283486292543e-01
8.928030743817885750e-02
0.000000000000000000e+00
4.917258318602499290e-02
-2.628008742824956487e-02
-1.687864490203820067e-01
-3.458143102683963743e-01
-5.260935165588577211e-01
-6.889710448632795359e-01
-8.278720326977581090e-01
-9.440742608249617085e-01
-1.039641788166209890e+00
-1.116686630142047498e+00
-1.176422977760905209e+00
-1.216851958336002681e+00
-1.229077667551774056e+00
-1.194173787596175984e+00
-1.083945415186247763e+00
-8.663315620755993596e-01
-5.121394277943409623e-01
0.000000000000000000e+00
0.000000000000000000e+00
0.000000000000000000e+00
1.375559017912659776e-01
3.212166515430518454e-01
0.000000000000000000e+00
0.000000000000000000e+00
5.268820467517382200e-01
5.572587362704037872e-01
4.976081321942057989e-01
3.738518696405397357e-01
2.202707030727266979e-01
1.691991014328081688e-01
1.544389340226842433e-01
1.095779020003101456e-01
8.797534600639128621e-02
1.003902971463239424e-01
3.041912477339867027e-02
-1.162033091628390247e-01
-3.076991746805389227e-01
-4.932480629379706882e-01
-6.481837018413567630e-01
-7.791471851928112313e-01
-8.903619193534085818e-01
-9.843288209757490304e-01
-1.061222057368754301e+00
-1.119444018825804132e+00
-1.154392288278234702e+00
-1.156437020730657794e+00
-1.109674383075692994e+00
-9.928516766607669020e-01
-7.825429124853190421e-01
-4.572058060559989756e-01
0.000000000000000000e+00
0.000000000000000000e+00
1.148944595005704228e-01
0.000000000000000000e+00
3.907344775903138778e-01
3.970728446827029856e-01
4.398378242042657593e-01
5.249193614680063291e-01
5.250898806583018663e-01
4.568485850331761022e-01
3.561886348603959807e-01
2.586263721799332282e-01
1.940750419375593949e-01
1.635778401679251481e-01
1.337395572442755809e-01
1.101196761561539922e-01
9.474427148475747518e-02
5.546784232246054769e-02
-6.565631251306155991e-02
-2.787957389670114861e-01
-4.458352434366056882e-01
-5.896523284019498101e-01
-7.088270482100563763e-01
-8.136810086054263591e-01
-9.041896448777558826e-01
-9.782166219597414614e-01
-1.032529802597800694e+00
-1.061790648578472496e+00
-1.057093429024944298e+00
-1.005342032681039610e+00
-8.901451868655348987e-01
-6.940984549894945177e-01
-4.014970098021291567e-01
0.000000000000000000e+00
0.000000000000000000e+00
-1.103743208565079181e-01
1.984369089577127099e-01
3.872488569078036957e-01
3.950492155287969598e-01
4.036373072062354184e-01
4.458046456894609322e-01
4.399780272929162961e-01
3.877870859493577904e-01
3.210386974971466967e-01
2.597958885300863385e-01
2.157381310301245414e-01
1.822614328742121204e-01
1.412870103011723277e-01
8.993130845473758239e-02
3.588865097331035703e-02
-6.304142260721260979e-03
0.000000000000000000e+00
-1.370058331207954505e-01
-3.643450851420985126e-01
-4.969272817413411536e-01
-6.109915673574581874e-01
-7.134545156295035717e-01
-8.016080916270209578e-01
-8.719864794740065372e-01
-9.215859461617442738e-01
-9.459673728546437177e-01
-9.378379554006959218e-01
-8.865907679777040862e-01
-7.792458320577956288e-01
-6.025339043523303406e-01
-3.452848349916893822e-01
0.000000000000000000e+00
0.000000000000000000e+00
-4.384456805088920994e-02
9.750419457343639795e-02
2.666154139431616832e-01
3.619289352858727216e-01
3.919310038441812249e-01
3.763786133976667614e-01
3.330340260107931272e-01
2.921471102857551849e-01
2.618712235386113085e-01
2.382919172008020059e-01
2.172429938756094692e-01
1.905788642339693584e-01
1.433766861668402670e-01
5.666196510034954281e-02
-4.079996525810005575e-02
-1.146001899394887141e-01
-1.291035953554978966e-01
0.000000000000000000e+00
-2.306554394266818186e-01
-3.725871264393187388e-01
-4.900671959599167682e-01
-5.964432992139807599e-01
-6.831300411878900025e-01
-7.488875627121726053e-01
-7.929257395676789777e-01
-8.131619476909563993e-01
-8.045162458031062114e-01
-7.584420840595745839e-01
-6.640158165691700809e-01
-5.104283644092471039e-01
-2.899138212550497196e-01
0.000000000000000000e+00
0.000000000000000000e+00
1.750519962253397049e-03
9.339533870692316719e-02
2.232272834065506251e-01
3.179756423485851080e-01
3.431680903900646284e-01
2.706644982425782109e-01
1.952966194904414698e-01
1.798141955239005718e-01
1.931401526513254474e-01
2.037198705621109662e-01
2.027084944018138768e-01
1.891775718669694850e-01
1.452611106002473229e-01
2.678967300333311152e-02
-9.960636841713182976e-02
-1.440136059746401909e-01
-1.516290058425002751e-01
-1.430292990279291021e-01
-1.380438240025512742e-01
-2.404511833542971044e-01
-3.686482342894417119e-01
-4.763825511932513468e-01
-5.585326583072819373e-01
-6.164469689026349508e-01
-6.526992514282924374e-01
-6.686704618078611606e-01
-6.619469255014289732e-01
-6.254331537351816017e-01
-5.486383506858658610e-01
-4.213208793913029160e-01
-2.377126114713595528e-01
0.000000000000000000e+00
0.000000000000000000e+00
2.171580990882395965e-02
8.628840911067664488e-02
1.777033516602717078e-01
2.613796118851862138e-01
2.639509539630253698e-01
1.094770689482041232e-01
3.480947970905401423e-02
8.563772181298105746e-02
1.417832656425648541e-01
1.710132007507837726e-01
1.773754148396739783e-01
1.633880773187585678e-01
1.156756883323776519e-01
0.000000000000000000e+00
-3.792442229046454755e-02
-8.808773041152648253e-02
-6.378311017480156608e-02
-2.339486540614514609e-02
-4.027976996771075874e-02
-1.457832455091247481e-01
-2.665699207470756948e-01
-3.665577505087375121e-01
-4.374132818346977980e-01
-4.811317753604847924e-01
-5.056478356147446895e-01
-5.163477351495792123e-01
-5.137458968444196250e-01
-4.913691724369319003e-01
-4.372758232722356864e-01
-3.392435941131168864e-01
-1.915542595293681372e-01
0.000000000000000000e+00
0.000000000000000000e+00
1.944813111044615267e-02
5.927270417902066185e-02
1.141226033442550719e-01
1.574487852517468256e-01
1.864000944293287554e-01
0.000000000000000000e+00
-1.944864107465805927e-03
7.569802869920916333e-02
1.379630402241342757e-01
1.519102699933317924e-01
1.422543791856675233e-01
1.056460350303678880e-01
2.429310529186043399e-02
-1.040752058235545376e-02
0.000000000000000000e+00
2.349367165025550985e-02
3.540962567732256622e-02
4.901162252875587017e-02
1.923145693218181185e-02
-6.868705747346827428e-02
-1.837370179696576900e-01
-2.754402806749080557e-01
-3.237573241876063324e-01
-3.471071797385877900e-01
-3.562740886430955101e-01
-3.598577613724867619e-01
-3.618951992558933073e-01
-3.587185417603506732e-01
-3.338352004206812107e-01
-2.680558161627948355e-01
-1.541824937499903514e-01
0.000000000000000000e+00
0.000000000000000000e+00
2.782880912060066523e-03
1.938546950728767954e-02
3.827963137750565320e-02
4.279927222169630646e-02
1.509079315190436227e-02
7.014025264016408856e-02
0.000000000000000000e+00
1.693870087690662052e-01
1.655444474804671218e-01
1.390596344297059250e-01
9.568301653280196495e-02
4.753299528618770003e-02
0.000000000000000000e+00
0.000000000000000000e+00
1.662505144142976260e-02
8.474591023246479116e-02
1.053194066831441011e-01
1.097960386835343111e-01
1.059059392796563165e-01
2.499690010699777767e-02
-1.385233018472481481e-01
-1.902875503451167960e-01
-2.155029615701075374e-01
-2.173152015318181307e-01
-2.086013432029279469e-01
-1.990250974398881656e-01
-2.048402379620143654e-01
-2.299536132199748728e-01
-2.417170830234013357e-01
-2.099756374701589323e-01
-1.266085198302467907e-01
0.000000000000000000e+00
0.000000000000000000e+00
-1.382207919077594813e-02
-1.430750910344869356e-02
-1.731007162304222871e-02
-3.455608093253816765e-02
-5.874106892668679025e-02
-7.061336999737037601e-02
9.124640322822968885e-02
1.813340042462169011e-01
1.625182789285162244e-01
1.149392926856834390e-01
5.906983906199872458e-02
6.414505765864912321e-03
1.295552201143941595e-02
3.644136667958049192e-02
8.295359844229871493e-02
1.121250133315859349e-01
1.112232917954116829e-01
1.012037117082801307e-01
7.955837382704475380e-02
0.000000000000000000e+00
5.424823856911071239e-03
-9.842488250412889661e-02
-1.079480866900469904e-01
-9.913025701388045174e-02
-7.520957879793147005e-02
-5.090789375154147756e-02
-5.521075894753416091e-02
-1.042896157283082631e-01
-1.593344723485779213e-01
-1.659720463363227871e-01
-1.040090951680416043e-01
0.000000000000000000e+00
0.000000000000000000e+00
-2.071636038981332362e-02
-2.852305873064864619e-02
-3.806279487965068958e-02
-5.346873786906192194e-02
-6.551869212199466774e-02
-3.631202416144516110e-02
3.566214271997790453e-02
9.892317243092280110e-02
1.077836855018584061e-01
7.806880061217580380e-02
3.494254104432078373e-02
2.470304024761291531e-03
-1.111013383654201395e-03
3.454266339468269054e-02
7.080554639161582009e-02
8.243186871545045424e-02
7.690403593089358003e-02
4.999630841622360045e-02
-7.965947229646587469e-03
-6.946531030761232683e-02
0.000000000000000000e+00
5.449749225314868585e-03
-2.019564406228870415e-02
-1.133104653380785989e-02
1.801132708075564581e-02
6.797656983511153606e-02
1.197769633071753131e-01
7.031291998097072282e-02
-1.168334129611749983e-01
-1.132963186225563329e-01
-7.664127458182666552e-02
0.000000000000000000e+00
0.000000000000000000e+00
-1.620867181378116487e-02
-2.324092800079407758e-02
-3.024921446805023048e-02
-3.853186506254835386e-02
-3.974753374965264707e-02
-2.254843784069023027e-02
1.358787743898083600e-02
4.785354725410435189e-02
5.572837707104408983e-02
4.040740326088392009e-02
1.757058068675782306e-02
1.530938188433738148e-03
3.762634305226209702e-03
2.152556754068269199e-02
3.828006709396481605e-02
4.559931905369012800e-02
3.815368550990153040e-02
1.068914726986734155e-02
-3.487332996700891197e-02
-7.295016379144125818e-02
-6.445229581229264260e-02
1.460393789538891665e-02
2.602560998247123447e-02
2.374479332072472124e-02
4.680648529827504539e-02
9.118043669975120502e-02
1.333821910964353985e-01
0.000000000000000000e+00
8.474409809122396275e-02
-4.384889868795126266e-02
-3.449208396896295825e-02
0.000000000000000000e+00
0.000000000000000000e+00
-5.896383842769297758e-03
-8.617726354509603129e-03
-1.097911948387435797e-02
-1.338700812126068784e-02
-1.340135288888552080e-02
-7.701788633045217151e-03
3.349109899584500061e-03
1.313604412542233174e-02
1.569989668762392446e-02
1.165519048391458132e-02
4.906274558809389785e-03
2.982330334381424076e-04
9.570590510069304632e-04
5.917160447709773202e-03
1.162118255936963294e-02
1.400731097516871512e-02
1.028304623362425244e-02
-3.794439074102537402e-04
-1.596420564124923294e-02
-2.337372570520846252e-02
-3.746897305624970979e-04
2.252158712432154875e-02
1.471215998491259142e-02
1.328780260839142538e-02
2.266137907498714729e-02
3.952017519147096175e-02
3.763415570344795513e-02
0.000000000000000000e+00
0.000000000000000000e+00
1.966851400802508212e-02
-1.354807338424092976e-03
0.000000000000000000e+00
0.000000000000000000e+00
0.000000000000000000e+00
0.000000000000000000e+00
0.000000000000000000e+00
0.000000000000000000e+00
0.000000000000000000e+00
0.000000000000000000e+00
0.000000000000000000e+00
0.000000000000000000e+00
0.000000000000000000e+00
0.000000000000000000e+00
0.000000000000000000e+00
0.000000000000000000e+00
0.000000000000000000e+00
0.000000000000000000e+00
0.000000000000000000e+00
0.000000000000000000e+00
0.000000000000000000e+00
0.000000000000000000e+00
0.000000000000000000e+00
0.000000000000000000e+00
0.000000000000000000e+00
0.000000000000000000e+00
0.000000000000000000e+00
0.000000000000000000e+00
0.000000000000000000e+00
0.000000000000000000e+00
0.000000000000000000e+00
0.000000000000000000e+00
0.000000000000000000e+00
0.000000000000000000e+00
0.000000000000000000e+00
0.000000000000000000e+00
